1853078 1 4552
1853078 14 4552
1853078 4 4552
1853078 14 4552
1853078 1 4552
1853078 1 4552
1853078 2 4552
1853078 1 4552
1853078 1 4552
1853078 1 4552
1853078 1 4552
1853078 3 4552
1853078 1 4552
1853078 1 4552
1853078 1 4552
1853078 3 4552
1853078 1 4552
1853078 2 4552
1853078 1 4552
1853078 6 4552
1853078 1 4552
1853078 1 4552
1853078 5 4552
1853078 2 4552
1853078 10 4552
1853078 2 4552
1853078 1 4552
1853078 1 4552
1853078 2 4552
1853078 2 4552
1853078 3 4552
1853078 1 4552
1853078 1 4552
1853078 1 4552
1853078 2 4552
1853078 4 4552
1853078 1 4552
1853078 2 4552
1853078 1 4552
1853078 1 4552
1853078 2 4552
1853078 2 4552
1853078 3 4552
1853078 2 4552
1853078 1 4552
1853078 1 4552
1853078 1 4552
1853078 1 4552
1853078 1 4552
1853078 1 4552
1853078 1 4552
1853078 5 4552
1853078 12 4552
1853078 5 4552
1853078 4 4552
1853078 1 4552
1853078 3 4552
1853078 3 4552
1853078 1 4552
1853078 2 4552
1853078 1 4552
1853078 2 4552
1853078 1 4552
1853078 2 4552
1853078 1 4552
1853078 3 4552
1853078 1 4552
1853078 3 4552
1853078 4 4552
1853078 2 4552
1853078 1 4552
1853078 2 4552
1853078 2 4552
1853078 3 4552
1853078 1 4552
1853078 2 4552
1853078 1 4552
1853078 4 4552
1853078 2 4552
1853078 1 4552
1853078 1 4552
1853078 8 4552
1853078 8 4552
1853078 3 4552
1853078 1 4552
1853078 1 4552
1853078 1 4552
1853078 1 4552
1853078 1 4552
1853078 3 4552
1853078 1 4552
1853078 1 4552
1853078 2 4552
1853078 1 4552
1853078 1 4552
1853078 1 4552
1853078 1 4552
1853078 17 4552
1853078 5 4552
1853078 3 4552
1853078 2 4552
1853078 2 4552
1853078 1 4552
1853078 2 4552
1853078 2 4552
1853078 6 4552
1853078 1 4552
1853078 5 4552
1853078 2 4552
1853078 1 4552
1853078 1 4552
1853078 2 4552
1853078 4 4552
1853078 4 4552
1853078 1 4552
1853078 14 4552
1853078 3 4552
1853078 1 4552
1853078 1 4552
1853078 1 4552
1853078 2 4552
1853078 1 4552
1853078 2 4552
1853078 2 4552
1853078 11 4552
1853078 5 4552
1853078 1 4552
1853078 1 4552
1853078 1 4552
1853078 1 4552
1853078 1 4552
1853078 1 4552
1853078 1 4552
1853078 6 4552
1853078 3 4552
1853078 1 4552
1853078 2 4552
1853078 1 4552
1853078 2 4552
1853078 5 4552
1853078 2 4552
1853078 1 4552
1853078 2 4552
1853078 5 4552
1853078 1 4552
1853078 2 4552
1853078 1 4552
1853078 4 4552
1853078 1 4552
1853078 1 4552
1853078 3 4552
1853078 1 4552
1853078 2 4552
1853078 2 4552
1853078 1 4552
1853078 2 4552
1853078 1 4552
1853078 1 4552
1853078 3 4552
1853078 1 4552
1853078 1 4552
1853078 1 4552
1853078 17 4552
1853078 1 4552
1853078 1 4552
1853078 1 4552
1853078 2 4552
1853078 1 4552
1853078 1 4552
1853078 24 4552
1853078 1 4552
1853078 48 4552
1853078 1 4552
1853078 1 4552
1853078 1 4552
1853078 1 4552
1853078 1 4552
1853078 3 4552
1853078 2 4552
1853078 1 4552
1853078 2 4552
1853078 4 4552
1853078 1 4552
1853078 1 4552
1853078 1 4552
1853078 2 4552
1853078 1 4552
1853078 1 4552
1853078 2 4552
1853078 1 4552
1853078 1 4552
1853078 1 4552
1853078 1 4552
1853078 1 4552
1853078 1 4552
1853078 1 4552
1853078 2 4552
1853078 1 4552
1853078 11 4552
1853078 1 4552
1853078 2 4552
1853078 1 4552
1853078 1 4552
1853078 2 4552
1853078 21 4552
1853078 2 4552
1853078 22 4552
1853078 4 4552
1853078 5 4552
1853078 5 4552
1853078 4 4552
1853078 4 4552
1853078 1 4552
1853078 7 4552
1853078 2 4552
1853078 1 4552
1853078 1 4552
1853078 2 4552
1853078 1 4552
1853078 1 4552
1853078 88 4552
1853078 2 4552
1853078 3 4552
1853078 2 4552
1853078 1 4552
1853078 1 4552
1853078 1 4552
1853078 1 4552
1853078 2 4552
1853078 1 4552
1853078 1 4552
1853078 2 4552
1853078 1 4552
1853078 1 4552
1853078 2 4552
1853078 1 4552
1853078 2 4552
1853078 4 4552
1853078 1 4552
1853078 2 4552
1853078 2 4552
1853078 1 4552
1853078 1 4552
1853078 1 4552
1853078 2 4552
1853078 1 4552
1853078 1 4552
1853078 1 4552
1853078 1 4552
1853078 1 4552
1853078 1 4552
1853078 2 4552
1853078 1 4552
1853078 1 4552
1853078 1 4552
1853078 1 4552
1853078 1 4552
1853078 1 4552
1853078 1 4552
1853078 1 4552
1853078 1 4552
1853078 1 4552
1853078 1 4552
1853078 1 4552
1853078 1 4552
1853078 2 4552
1853078 1 4552
1853078 1 4552
1853078 1 4552
1853078 2 4552
1853078 2 4552
1853078 2 4552
1853078 1 4552
1853078 7 4552
1853078 1 4552
1853078 1 4552
1853078 3 4552
1853078 1 4552
1853078 1 4552
1853078 1 4552
1853078 2 4552
1853078 1 4552
1853078 1 4552
1853078 1 4552
1853078 1 4552
1853078 4 4552
1853078 4 4552
1853078 1 4552
1853078 1 4552
1853078 1 4552
1853078 1 4552
1853078 1 4552
1853078 6 4552
1853078 1 4552
1853078 1 4552
1853078 4 4552
1853078 1 4552
1853078 2 4552
1853078 1 4552
1853078 1 4552
1853078 1 4552
1853078 1 4552
1853078 1 4552
1853078 2 4552
1853078 1 4552
1853078 1 4552
1853078 1 4552
1853078 1 4552
1853078 1 4552
1853078 1 4552
1853078 1 4552
1853078 1 4552
1853078 1 4552
1853078 1 4552
1853078 2 4552
1468413 1 4441
1853078 2 4552
1853078 3 4552
1853078 1 4552
1853078 1 4552
1853078 1 4552
1853078 1 4552
1853078 1 4552
1853078 2 4552
1853078 1 4552
1853078 1 4552
1853078 1 4552
1853078 1 4552
1853078 3 4552
1853078 1 4552
1853078 1 4552
1853078 1 4552
1853078 2 4552
1853078 1 4552
1853078 2 4552
1853078 3 4552
1853078 1 4552
1853078 1 4552
1853078 3 4552
1853078 1 4552
1853078 20 4552
1853078 1 4552
1853078 1 4552
1853078 1 4552
1853078 1 4552
1853078 1 4552
1853078 5 4552
1853078 1 4552
1853078 1 4552
1853078 2 4552
1853078 1 4552
1853078 1 4552
1853078 1 4552
1853078 1 4552
1853078 1 4552
1853078 1 4552
1853078 1 4552
1853078 1 4552
1853078 1 4552
1853078 2 4552
1853078 1 4552
1853078 1 4552
1853078 1 4552
1853078 1 4552
1853078 1 4552
1853078 1 4552
1853078 1 4552
1853078 1 4552
1853078 1 4552
1853078 4 4552
1853078 1 4552
1853078 3 4552
1853078 1 4552
1853078 4 4552
1853078 1 4552
1853078 2 4552
1853078 2 4552
1853078 8 4552
1853078 6 4552
1853078 1 4552
1853078 1 4552
1853078 3 4552
1853078 22 4552
1853078 1 4552
1853078 2 4552
1853078 1 4552
1853078 1 4552
1853078 3 4552
1853078 1 4552
1853078 4 4552
1853078 1 4552
1853078 14 4552
1853078 3 4552
1853078 1 4552
1853078 2 4552
1853078 2 4552
1853078 1 4552
1853078 1 4552
1853078 1 4552
1853078 1 4552
1853078 1 4552
1853078 1 4552
1853078 1 4552
1853078 21 4552
1853078 1 4552
1853078 1 4552
1853078 1 4552
1853078 1 4552
1853078 3 4552
1853078 2 4552
1853078 3 4552
1853078 2 4552
1853078 3 4552
1853078 1 4552
1853078 3 4552
1853078 1 4552
1853078 1 4552
1853078 3 4552
1853078 1 4552
1853078 1 4552
1853078 1 4552
1853078 2 4552
1853078 3 4552
1853078 1 4552
1853078 9 4552
1853078 1 4552
1853078 3 4552
1853078 2 4552
1853078 3 4552
1853078 2 4552
1853078 9 4552
1853078 1 4552
1853078 1 4552
1853078 2 4552
1853078 1 4552
1853078 1 4552
1853078 1 4552
1853078 1 4552
1853078 5 4552
1853078 1 4552
1853078 1 4552
1853078 3 4552
1853078 20 4552
1853078 2 4552
1853078 4 4552
1853078 2 4552
1853078 7 4552
1853078 2 4552
1853078 3 4552
1853078 10 4552
1853078 3 4552
1853078 1 4552
1853078 1 4552
1853078 2 4552
1853078 2 4552
1853078 11 4552
1853078 2 4552
1853078 1 4552
1853078 1 4552
1853078 1 4552
1853078 1 4552
1853078 1 4552
1853078 1 4552
1853078 1 4552
1853078 1 4552
1853078 4 4552
1853078 1 4552
1853078 1 4552
1853078 1 4552
1853078 1 4552
1853078 1 4552
1853078 2 4552
1853078 1 4552
1853078 2 4552
1853078 1 4552
1853078 1 4552
1853078 1 4552
1853078 1 4552
1853078 3 4552
1853078 1 4552
1853078 1 4552
1853078 2 4552
1853078 1 4552
1853078 2 4552
1853078 2 4552
1853078 1 4552
1853078 3 4552
1853078 1 4552
1853078 3 4552
1853078 1 4552
1853078 1 4552
1853078 4 4552
1853078 1 4552
1853078 1 4552
1853078 7 4552
1853078 1 4552
1853078 3 4552
1853078 15 4552
1853078 24 4552
1853078 2 4552
1853078 1 4552
1853078 1 4552
1853078 1 4552
1853078 1 4552
1853078 1 4552
1853078 1 4552
1853078 1 4552
1853078 2 4552
1853078 2 4552
1853078 1 4552
1853078 1 4552
1853078 10 4552
1853078 5 4552
1853078 2 4552
1853078 1 4552
1853078 6 4552
1853078 1 4552
1853078 2 4552
1853078 9 4552
1853078 6 4552
1853078 1 4552
1853078 1 4552
1853078 1 4552
1853078 2 4552
1853078 1 4552
1853078 1 4552
1853078 2 4552
1853078 2 4552
1853078 1 4552
1853078 15 4552
1853078 2 4552
1853078 1 4552
1853078 1 4552
1853078 1 4552
1853078 1 4552
1853078 1 4552
1853078 2 4552
1853078 3 4552
1853078 1 4552
1853078 1 4552
1853078 1 4552
1853078 1 4552
1853078 1 4552
1853078 1 4552
1853078 2 4552
1853078 3 4552
1853078 1 4552
1853078 2 4552
1853078 1 4552
1853078 1 4552
1853078 1 4552
1853078 1 4552
1853078 2 4552
1853078 2 4552
1853078 1 4552
1853078 2 4552
1853078 1 4552
1853078 3 4552
1853078 1 4552
1853078 1 4552
1853078 25 4552
1853078 1 4552
1853078 3 4552
1853078 1 4552
1853078 1 4552
1853078 1 4552
1853078 1 4552
1853078 3 4552
1853078 2 4552
1853078 2 4552
1853078 2 4552
1853078 2 4552
1853078 8 4552
1853078 4 4552
1853078 1 4552
1853078 2 4552
1853078 1 4552
1853078 3 4552
1853078 1 4552
1853078 2 4552
1853078 1 4552
1853078 13 4552
1853078 3 4552
1853078 3 4552
1853078 6 4552
1853078 1 4552
1853078 2 4552
1853078 2 4552
1853078 1 4552
1853078 3 4552
1853078 2 4552
1853078 2 4552
1853078 1 4552
1853078 1 4552
1853078 3 4552
1853078 1 4552
1853078 21 4552
1853078 4 4552
1853078 10 4552
1853078 1 4552
1853078 1 4552
1853078 3 4552
1853078 19 4552
1853078 1 4552
1853078 1 4552
1853078 1 4552
1853078 1 4552
1853078 1 4552
1853078 1 4552
1853078 4 4552
1853078 5 4552
1853078 2 4552
1853078 1 4552
1853078 1 4552
1853078 3 4552
1853078 1 4552
1853078 1 4552
1853078 1 4552
1853078 12 4552
1853078 2 4552
1853078 2 4552
1853078 2 4552
1853078 1 4552
1853078 1 4552
1853078 8 4552
1853078 1 4552
1853078 1 4552
1853078 1 4552
1853078 1 4552
1853078 1 4552
1853078 2 4552
1853078 1 4552
1853078 1 4552
1853078 1 4552
1853078 1 4552
1853078 1 4552
1853078 1 4552
1853078 1 4552
1853078 1 4552
1853078 1 4552
1853078 1 4552
1853078 4 4552
1853078 6 4552
1853078 1 4552
1853078 1 4552
1853078 1 4552
1853078 1 4552
1853078 1 4552
1853078 1 4552
1853078 1 4552
1853078 1 4552
1853078 18 4552
1853078 1 4552
1853078 1 4552
1853078 3 4552
1853078 1 4552
1853078 2 4552
1853078 7 4552
1853078 2 4552
1853078 1 4552
1853078 1 4552
1853078 3 4552
1853078 1 4552
1853078 2 4552
1853078 1 4552
1853078 1 4552
1853078 1 4552
1853078 1 4552
1853078 1 4552
1853078 3 4552
1853078 1 4552
1853078 2 4552
1853078 1 4552
1853078 4 4552
1853078 2 4552
1853078 2 4552
1853078 2 4552
1853078 1 4552
1853078 1 4552
1853078 1 4552
1853078 4 4552
1853078 2 4552
1853078 1 4552
1853078 1 4552
1853078 1 4552
1853078 2 4552
1853078 3 4552
1853078 1 4552
1853078 2 4552
1853078 3 4552
1853078 28 4552
1853078 56 4552
1853078 7 4552
1853078 1 4552
1853078 1 4552
1853078 2 4552
1853078 1 4552
1853078 1 4552
1853078 3 4552
1853078 5 4552
1853078 6 4552
1853078 1 4552
1853078 1 4552
1853078 1 4552
1853078 3 4552
1853078 7 4552
1853078 1 4552
1853078 8 4552
1853078 1 4552
1853078 3 4552
1853078 1 4552
1853078 2 4552
1853078 1 4552
1853078 1 4552
1853078 24 4552
1853078 6 4552
1853078 2 4552
1853078 1 4552
1853078 1 4552
1853078 1 4552
1853078 1 4552
1853078 10 4552
1853078 58 4552
1853078 5 4552
1853078 8 4552
1853078 1 4552
1853078 28 4552
1853078 5 4552
1853078 1 4552
1853078 1 4552
1853078 1 4552
1853078 1 4552
1853078 1 4552
1853078 4 4552
1853078 1 4552
1853078 1 4552
1853078 1 4552
1853078 4 4552
1853078 11 4552
1853078 22 4552
1853078 2 4552
1853078 4 4552
1853078 1 4552
1853078 1 4552
1853078 1 4552
1853078 1 4552
1853078 2 4552
1853078 2 4552
1853078 2 4552
1853078 2 4552
1853078 1 4552
1853078 1 4552
1853078 1 4552
1853078 9 4552
1853078 3 4552
1853078 7 4552
1853078 3 4552
1853078 2 4552
1853078 21 4552
1853078 17 4552
1853078 1 4552
1853078 1 4552
1853078 1 4552
1853078 1 4552
1853078 4 4552
1853078 1 4552
1853078 1 4552
1853078 1 4552
1853078 1 4552
1853078 8 4552
1853078 1 4552
1853078 1 4552
1853078 2 4552
1853078 3 4552
1853078 1 4552
1853078 4 4552
1853078 1 4552
1853078 1 4552
1853078 1 4552
1853078 1 4552
1853078 4 4552
1853078 1 4552
1853078 1 4552
1853078 2 4552
1853078 11 4552
1853078 2 4552
1853078 2 4552
1853078 2 4552
1853078 1 4552
1853078 2 4552
1853078 1 4552
1853078 1 4552
1853078 1 4552
1853078 1 4552
1853078 3 4552
1853078 5 4552
1853078 3 4552
1853078 2 4552
1853078 1 4552
1853078 2 4552
1853078 1 4552
1853078 1 4552
1853078 3 4552
1853078 1 4552
1853078 5 4552
1853078 3 4552
1853078 1 4552
1853078 8 4552
1853078 2 4552
1853078 1 4552
1853078 1 4552
1853078 1 4552
1853078 5 4552
1853078 8 4552
1853078 1 4552
1853078 1 4552
1853078 1 4552
1853078 3 4552
1853078 3 4552
1853078 2 4552
1853078 1 4552
1853078 1 4552
1853078 10 4552
1853078 1 4552
1853078 3 4552
1853078 5 4552
1853078 1 4552
1853078 2 4552
1853078 1 4552
1853078 1 4552
1853078 3 4552
1853078 3 4552
1853078 6 4552
1853078 1 4552
1853078 1 4552
1853078 1 4552
1853078 1 4552
1853078 1 4552
1853078 9 4552
1853078 5 4552
1853078 4 4552
1853078 1 4552
1853078 3 4552
1853078 2 4552
1853078 2 4552
1853078 8 4552
1853078 7 4552
1853078 3 4552
1853078 1 4552
1853078 1 4552
1853078 1 4552
1853078 1 4552
1853078 1 4552
1853078 2 4552
1853078 1 4552
1853078 3 4552
1853078 2 4552
1853078 1 4552
1853078 1 4552
1853078 2 4552
1853078 1 4552
1853078 3 4552
1853078 4 4552
1853078 1 4552
1853078 1 4552
1853078 6 4552
1853078 1 4552
1853078 2 4552
1853078 1 4552
1853078 3 4552
1853078 2 4552
1853078 2 4552
1853078 2 4552
1853078 1 4552
1853078 1 4552
1853078 2 4552
1853078 1 4552
1853078 1 4552
1853078 1 4552
1853078 2 4552
1853078 1 4552
1853078 9 4552
1853078 1 4552
1853078 3 4552
1853078 2 4552
1853078 2 4552
1853078 1 4552
1853078 1 4552
1853078 1 4552
1853078 1 4552
1853078 4 4552
1853078 32 4552
1853078 10 4552
1853078 1 4552
1853078 13 4552
