1976608 90 4774
1976608 2 4774
1976608 5 4774
1976608 13 4774
1976608 6 4774
1976608 8 4774
1976608 2 4774
1976608 6 4774
1976608 17 4774
1976608 1 4774
1976608 1 4774
1976608 70 4774
1976608 18 4774
1976608 7 4774
1976608 1 4774
1976608 1 4774
1976608 4 4774
1976608 1 4774
1976608 1 4774
1976608 2 4774
1976608 1 4774
1976608 1 4774
1976608 1 4774
1976608 4 4774
1976608 1 4774
1976608 2 4774
1976608 9 4774
1976608 3 4774
1976608 1 4774
1976608 5 4774
1976608 1 4774
1976608 7 4774
1976608 1 4774
1976608 1 4774
1976608 3 4774
1976608 1 4774
1976608 21 4774
1976608 18 4774
1976608 1 4774
1976608 1 4774
1976608 11 4774
1976608 2 4774
1976608 3 4774
1976608 2 4774
1976608 16 4774
1976608 11 4774
1976608 5 4774
1976608 1 4774
1976608 4 4774
1976608 1 4774
1976608 2 4774
1976608 3 4774
1976608 3 4774
1976608 2 4774
1976608 3 4774
1976608 1 4774
1976608 2 4774
1976608 172 4774
1976608 9 4774
1976608 7 4774
1976608 4 4774
1976608 6 4774
1976608 1 4774
1976608 2 4774
1976608 1 4774
1976608 2 4774
1976608 5 4774
1976608 10 4774
1976608 7 4774
1976608 3 4774
1976608 6 4774
1976608 1 4774
1976608 2 4774
1976608 1 4774
1976608 1 4774
1976608 36 4774
1976608 7 4774
1976608 6 4774
1976608 40 4774
1976608 5 4774
1976608 2 4774
1976608 4 4774
1976608 2 4774
1976608 4 4774
1976608 3 4774
1976608 6 4774
1976608 9 4774
1976608 1 4774
1976608 1 4774
1976608 1 4774
1976608 2 4774
1976608 1 4774
1976608 1 4774
1976608 22 4774
1976608 4 4774
1976608 2 4774
1976608 2 4774
1976608 2 4774
1976608 1 4774
1976608 1 4774
1976608 2 4774
1976608 2 4774
1976608 4 4774
1976608 2 4774
1976608 4 4774
1976608 1 4774
1976608 1 4774
1976608 1 4774
1976608 2 4774
1976608 14 4774
1976608 2 4774
1976608 1 4774
1976608 2 4774
1976608 4 4774
1976608 2 4774
1976608 1 4774
1976608 2 4774
1976608 2 4774
1976608 2 4774
1976608 1 4774
1976608 4 4774
1976608 2 4774
1976608 1 4774
1976608 7 4774
1976608 2 4774
1976608 1 4774
1976608 5 4774
1976608 2 4774
1976608 2 4774
1976608 1 4774
1976608 1 4774
1976608 3 4774
1976608 1 4774
1976608 1 4774
1976608 1 4774
1976608 1 4774
1976608 13 4774
1976608 1 4774
1976608 1 4774
1976608 1 4774
1976608 1 4774
1976608 3 4774
1976608 1 4774
1976608 1 4774
1976608 1 4774
1976608 1 4774
1976608 1 4774
1976608 1 4774
1976608 1 4774
1976608 1 4774
1976608 1 4774
1976608 1 4774
1976608 1 4774
1976608 8 4774
1976608 2 4774
1976608 2 4774
1976608 4 4774
1976608 2 4774
1976608 2 4774
1976608 1 4774
1976608 1 4774
1976608 1 4774
1976608 1 4774
1976608 1 4774
1976608 18 4774
1976608 9 4774
1976608 1 4774
1976608 35 4774
1976608 21 4774
1976608 7 4774
1976608 1 4774
1976608 1 4774
1976608 1 4774
1976608 3 4774
1976608 1 4774
1976608 1 4774
1976608 1 4774
1976608 3 4774
1976608 1 4774
1976608 1 4774
1976608 10 4774
1976608 1 4774
1976608 1 4774
1976608 2 4774
1976608 1 4774
1976608 13 4774
1976608 1 4774
1976608 1 4774
1976608 1 4774
1976608 2 4774
1976608 8 4774
1976608 1 4774
1976608 1 4774
1976608 1 4774
1976608 1 4774
1976608 1 4774
1976608 1 4774
1976608 3 4774
1976608 1 4774
1976608 29 4774
1976608 1 4774
1976608 35 4774
1976608 1 4774
1976608 1 4774
1976608 16 4774
1976608 1 4774
1976608 1 4774
1976608 2 4774
1976608 1 4774
1976608 8 4774
1976608 5 4774
1976608 6 4774
1976608 4 4774
1976608 1 4774
1976608 1 4774
1976608 1 4774
1976608 1 4774
1976608 1 4774
1976608 1 4774
1976608 1 4774
1976608 1 4774
1976608 1 4774
1976608 5 4774
1976608 3 4774
1976608 1 4774
1976608 2 4774
1976608 2 4774
1976608 2 4774
1976608 5 4774
1976608 1 4774
1976608 1 4774
1976608 1 4774
1976608 1 4774
1976608 1 4774
1976608 2 4774
1976608 15 4774
1976608 6 4774
1976608 9 4774
1976608 1 4774
1976608 1 4774
1976608 1 4774
1976608 1 4774
1976608 1 4774
1976608 1 4774
1976608 1 4774
1976608 1 4774
1976608 1 4774
1976608 2 4774
1976608 1 4774
1976608 1 4774
1976608 1 4774
1976608 1 4774
1976608 3 4774
1976608 1 4774
1976608 1 4774
1976608 3 4774
1976608 1 4774
1976608 1 4774
1976608 1 4774
1976608 1 4774
1976608 1 4774
1976608 1 4774
1976608 1 4774
1976608 1 4774
1976608 1 4774
1976608 43 4774
1976608 2 4774
1976608 11 4774
1976608 2 4774
1976608 7 4774
1976608 4 4774
1976608 4 4774
1976608 147 4774
1976608 2 4774
1976608 1 4774
1976608 1 4774
1976608 2 4774
1976608 1 4774
1976608 2 4774
1976608 2 4774
1976608 1 4774
1976608 1 4774
1976608 12 4774
1976608 3 4774
1976608 1 4774
1976608 1 4774
1976608 3 4774
1976608 1 4774
1976608 5 4774
1976608 1 4774
1976608 1 4774
1976608 3 4774
1976608 1 4774
1976608 1 4774
1976608 5 4774
1976608 1 4774
1976608 7 4774
1976608 1 4774
1976608 3 4774
1976608 1 4774
1976608 3 4774
1976608 1 4774
1976608 1 4774
1976608 1 4774
1976608 1 4774
1976608 1 4774
1976608 1 4774
1976608 3 4774
1976608 1 4774
1976608 2 4774
1976608 2 4774
1976608 2 4774
1976608 1 4774
1976608 1 4774
1976608 1 4774
1976608 1 4774
1976608 4 4774
1976608 1 4774
1976608 1 4774
1976608 1 4774
1976608 1 4774
1976608 2 4774
1976608 1 4774
1976608 1 4774
1976608 6 4774
1976608 1 4774
1976608 1 4774
1976608 1 4774
1976608 1 4774
1976608 3 4774
1976608 1 4774
1976608 3 4774
1976608 2 4774
1976608 1 4774
1976608 1 4774
1976608 2 4774
1976608 1 4774
1976608 1 4774
1976608 1 4774
1976608 1 4774
1976608 1 4774
1976608 1 4774
1976608 1 4774
1976608 1 4774
1976608 1 4774
1976608 1 4774
1976608 1 4774
1976608 1 4774
1976608 2 4774
1976608 2 4774
1976608 1 4774
1976608 1 4774
1976608 3 4774
1976608 1 4774
1976608 3 4774
1976608 1 4774
1976608 3 4774
1976608 12 4774
1976608 3 4774
1976608 2 4774
1976608 1 4774
1976608 1 4774
1976608 1 4774
1976608 1 4774
1976608 3 4774
1976608 2 4774
1891278 1 4663
1976608 1 4774
1976608 1 4774
1976608 42 4774
1976608 1 4774
1976608 1 4774
1976608 2 4774
1976608 1 4774
1976608 1 4774
1976608 2 4774
1976608 2 4774
1976608 1 4774
1976608 2 4774
1976608 1 4774
1976608 1 4774
1976608 1 4774
1976608 1 4774
1976608 1 4774
1976608 1 4774
1976608 2 4774
1976608 2 4774
1976608 1 4774
1976608 1 4774
1976608 1 4774
1976608 1 4774
1976608 1 4774
1976608 1 4774
1976608 1 4774
1976608 1 4774
1976608 1 4774
1976608 1 4774
1976608 1 4774
1976608 3 4774
1976608 1 4774
1976608 1 4774
1976608 19 4774
1976608 1 4774
1976608 1 4774
1976608 1 4774
1976608 2 4774
1976608 2 4774
1976608 1 4774
1976608 1 4774
1976608 2 4774
1976608 1 4774
1976608 1 4774
1976608 1 4774
1976608 4 4774
1976608 1 4774
1976608 1 4774
1976608 2 4774
1976608 10 4774
1976608 3 4774
1976608 3 4774
1976608 5 4774
1976608 3 4774
1976608 2 4774
1976608 1 4774
1976608 1 4774
1976608 3 4774
1976608 8 4774
1976608 1 4774
1976608 2 4774
1976608 1 4774
1976608 2 4774
1976608 1 4774
1976608 4 4774
1976608 1 4774
1976608 1 4774
1976608 2 4774
1976608 1 4774
1976608 1 4774
1976608 3 4774
1976608 3 4774
1976608 6 4774
1976608 1 4774
1976608 3 4774
1976608 5 4774
1976608 2 4774
1976608 1 4774
1976608 1 4774
1976608 1 4774
1976608 4 4774
1976608 1 4774
1976608 1 4774
1976608 3 4774
1976608 1 4774
1976608 1 4774
1976608 2 4774
1976608 10 4774
1976608 4 4774
1976608 25 4774
1976608 1 4774
1976608 1 4774
1976608 1 4774
1976608 1 4774
1976608 1 4774
1976608 14 4774
1976608 1 4774
1976608 3 4774
1976608 30 4774
1976608 4 4774
1976608 2 4774
1976608 10 4774
1976608 2 4774
1976608 6 4774
1976608 2 4774
1976608 3 4774
1976608 6 4774
1976608 3 4774
1976608 1 4774
1976608 1 4774
1976608 4 4774
1976608 1 4774
1976608 1 4774
1976608 2 4774
1976608 2 4774
1976608 1 4774
1976608 1 4774
1976608 1 4774
1976608 4 4774
1976608 1 4774
1976608 1 4774
1976608 1 4774
1976608 1 4774
1976608 5 4774
1976608 1 4774
1976608 1 4774
1976608 2 4774
1976608 2 4774
1976608 1 4774
1976608 5 4774
1976608 1 4774
1976608 4 4774
1976608 1 4774
1976608 1 4774
1976608 2 4774
1976608 1 4774
1976608 1 4774
1976608 1 4774
1976608 2 4774
1976608 1 4774
1976608 3 4774
1976608 1 4774
1976608 2 4774
1976608 4 4774
1976608 1 4774
1976608 1 4774
1976608 2 4774
1976608 2 4774
1976608 7 4774
1976608 2 4774
1976608 1 4774
1976608 3 4774
1976608 1 4774
1976608 2 4774
1976608 1 4774
1976608 1 4774
1976608 1 4774
1976608 2 4774
1976608 7 4774
1976608 1 4774
1976608 1 4774
1976608 5 4774
1976608 1 4774
1976608 1 4774
1976608 1 4774
1976608 1 4774
1976608 3 4774
1976608 1 4774
1976608 1 4774
1976608 1 4774
1976608 1 4774
1976608 1 4774
1976608 1 4774
1976608 1 4774
1976608 3 4774
1976608 6 4774
1976608 27 4774
1976608 141 4774
1976608 3 4774
1976608 3 4774
1976608 3 4774
1976608 2 4774
1976608 1 4774
1976608 1 4774
1976608 1 4774
1976608 1 4774
1976608 1 4774
1976608 1 4774
1976608 1 4774
1976608 19 4774
1976608 1 4774
1976608 1 4774
1976608 1 4774
1976608 67 4774
1976608 60 4774
1976608 1 4774
1976608 1 4774
1976608 4 4774
1976608 2 4774
1976608 1 4774
1976608 3 4774
1976608 1 4774
1976608 4 4774
1976608 4 4774
1976608 1 4774
1976608 2 4774
1976608 2 4774
1976608 1 4774
1976608 2 4774
1976608 2 4774
1976608 5 4774
1976608 2 4774
1976608 2 4774
1976608 1 4774
1976608 5 4774
1976608 3 4774
1976608 1 4774
1976608 1 4774
1976608 1 4774
1976608 1 4774
1976608 1 4774
1976608 1 4774
1976608 1 4774
1976608 2 4774
1976608 1 4774
1976608 2 4774
1976608 2 4774
1976608 1 4774
1976608 1 4774
1976608 4 4774
1976608 3 4774
1976608 6 4774
1976608 1 4774
1976608 1 4774
1976608 21 4774
1976608 4 4774
1976608 1 4774
1976608 2 4774
1976608 1 4774
1976608 1 4774
1976608 1 4774
1976608 1 4774
1976608 1 4774
1976608 1 4774
1976608 2 4774
1976608 1 4774
1976608 2 4774
1976608 2 4774
1976608 1 4774
1976608 6 4774
1976608 1 4774
1976608 1 4774
1976608 2 4774
1976608 7 4774
1976608 2 4774
1976608 1 4774
1976608 1 4774
1976608 4 4774
1976608 2 4774
1976608 1 4774
1976608 5 4774
1976608 1 4774
1976608 5 4774
1976608 3 4774
1976608 1 4774
1976608 1 4774
1976608 13 4774
1976608 7 4774
1976608 2 4774
1976608 3 4774
1976608 1 4774
1976608 1 4774
1976608 1 4774
1976608 1 4774
1976608 2 4774
1976608 1 4774
1976608 8 4774
1976608 1 4774
1976608 5 4774
1976608 1 4774
1976608 1 4774
1976608 4 4774
1976608 8 4774
1976608 5 4774
1976608 1 4774
1976608 2 4774
1976608 2 4774
1976608 2 4774
1976608 2 4774
1976608 4 4774
1976608 1 4774
1976608 1 4774
1976608 1 4774
1976608 4 4774
1976608 1 4774
1976608 1 4774
1976608 3 4774
1976608 15 4774
1976608 2 4774
1976608 1 4774
1976608 5 4774
1976608 1 4774
1976608 5 4774
1976608 1 4774
1976608 1 4774
1976608 2 4774
1976608 1 4774
1976608 2 4774
1976608 1 4774
1976608 18 4774
1976608 2 4774
1976608 7 4774
1976608 6 4774
1976608 3 4774
1976608 2 4774
1976608 1 4774
1976608 9 4774
1976608 15 4774
1976608 1 4774
1976608 1 4774
1976608 1 4774
1976608 1 4774
1976608 1 4774
1976608 2 4774
1976608 1 4774
1976608 1 4774
1976608 1 4774
1976608 2 4774
1976608 2 4774
1976608 1 4774
1976608 1 4774
1976608 6 4774
1976608 6 4774
1976608 1 4774
1976608 2 4774
1976608 4 4774
1976608 5 4774
1976608 1 4774
1976608 1 4774
1976608 1 4774
1976608 1 4774
1976608 3 4774
1976608 1 4774
1976608 2 4774
1976608 2 4774
1976608 1 4774
1976608 2 4774
1976608 1 4774
1976608 1 4774
1976608 3 4774
1976608 1 4774
1976608 4 4774
1976608 1 4774
1976608 1 4774
1976608 2 4774
1976608 1 4774
1976608 1 4774
1976608 6 4774
1976608 4 4774
1976608 1 4774
1976608 3 4774
1976608 6 4774
1976608 2 4774
1976608 4 4774
1976608 1 4774
1976608 2 4774
1976608 1 4774
1976608 1 4774
1976608 3 4774
1976608 1 4774
1976608 1 4774
1976608 2 4774
1976608 1 4774
1976608 1 4774
1976608 1 4774
1976608 1 4774
1976608 1 4774
1976608 2 4774
1976608 1 4774
1976608 1 4774
1976608 1 4774
1976608 2 4774
1976608 4 4774
1976608 1 4774
1976608 4 4774
1976608 2 4774
1976608 2 4774
1976608 2 4774
1976608 1 4774
1976608 1 4774
1976608 2 4774
1976608 1 4774
1976608 1 4774
1976608 2 4774
1976608 1 4774
1976608 1 4774
1976608 1 4774
1976608 2 4774
1976608 1 4774
1976608 1 4774
1976608 7 4774
1976608 1 4774
1976608 2 4774
1976608 11 4774
1976608 3 4774
1976608 1 4774
1976608 1 4774
1976608 1 4774
1976608 1 4774
1976608 1 4774
1976608 1 4774
1976608 1 4774
1976608 1 4774
1976608 1 4774
1976608 2 4774
1976608 1 4774
1976608 7 4774
1976608 2 4774
1976608 4 4774
1976608 1 4774
1976608 3 4774
1976608 2 4774
1976608 2 4774
1976608 2 4774
1976608 1 4774
1976608 1 4774
1976608 2 4774
1976608 1 4774
1976608 1 4774
1976608 2 4774
1976608 2 4774
1976608 1 4774
1976608 1 4774
1976608 1 4774
1976608 23 4774
1976608 4 4774
1976608 1 4774
1976608 1 4774
1976608 1 4774
1976608 1 4774
1976608 1 4774
1976608 2 4774
1976608 1 4774
1976608 6 4774
1976608 1 4774
1976608 1 4774
1976608 2 4774
1976608 1 4774
1976608 2 4774
1976608 1 4774
1976608 2 4774
1976608 1 4774
1976608 1 4774
1976608 1 4774
1976608 4 4774
1976608 12 4774
1976608 5 4774
1976608 1 4774
1976608 6 4774
1976608 2 4774
1976608 8 4774
1976608 5 4774
1976608 1 4774
1976608 1 4774
1976608 4 4774
1976608 6 4774
1976608 4 4774
1976608 1 4774
1976608 1 4774
1976608 1 4774
1976608 14 4774
1976608 7 4774
1976608 1 4774
1976608 17 4774
1976608 11 4774
1976608 68 4774
1976608 2 4774
1976608 5 4774
1976608 2 4774
1976608 11 4774
1976608 1 4774
1976608 2 4774
1976608 3 4774
1976608 11 4774
1976608 10 4774
1976608 6 4774
1976608 3 4774
1976608 1 4774
1976608 2 4774
1976608 1 4774
1976608 2 4774
1976608 1 4774
1976608 2 4774
1976608 1 4774
1976608 1 4774
1976608 1 4774
1976608 1 4774
1976608 1 4774
1976608 2 4774
1976608 2 4774
1976608 1 4774
1976608 6 4774
1976608 2 4774
1976608 1 4774
1976608 2 4774
1976608 1 4774
1976608 2 4774
1976608 34 4774
1976608 24 4774
1976608 1 4774
1976608 1 4774
1976608 1 4774
1976608 1 4774
1976608 1 4774
1976608 3 4774
1976608 1 4774
1976608 4 4774
1976608 2 4774
1976608 1 4774
1976608 1 4774
1976608 7 4774
1976608 1 4774
1976608 1 4774
1976608 1 4774
1976608 13 4774
1976608 1 4774
1976608 2 4774
1976608 1 4774
1976608 1 4774
1976608 1 4774
1976608 1 4774
1976608 1 4774
1976608 1 4774
1976608 1 4774
1976608 4 4774
1976608 1 4774
1976608 1 4774
1976608 5 4774
1976608 1 4774
1976608 1 4774
1976608 1 4774
1976608 1 4774
1976608 1 4774
1976608 15 4774
1976608 1 4774
1976608 1 4774
1976608 1 4774
1976608 1 4774
1976608 1 4774
1976608 1 4774
1976608 2 4774
1976608 1 4774
1976608 1 4774
1976608 1 4774
1976608 1 4774
1976608 1 4774
1976608 1 4774
1976608 1 4774
1976608 1 4774
1976608 1 4774
1976608 1 4774
1976608 6 4774
1976608 3 4774
1976608 2 4774
1976608 3 4774
1976608 5 4774
1976608 6 4774
1976608 1 4774
1976608 4 4774
1976608 2 4774
1976608 1 4774
1976608 1 4774
1976608 18 4774
1976608 3 4774
1976608 1 4774
1976608 1 4774
1976608 6 4774
1976608 1 4774
1976608 4 4774
1976608 22 4774
1976608 11 4774
1976608 8 4774
1976608 1 4774
1976608 1 4774
1976608 2 4774
1976608 16 4774
1976608 2 4774
1976608 2 4774
1976608 1 4774
1976608 5 4774
1976608 15 4774
1976608 34 4774
1976608 1 4774
1976608 3 4774
1976608 2 4774
1976608 1 4774
1976608 1 4774
1976608 2 4774
1976608 1 4774
1976608 1 4774
1976608 10 4774
1976608 3 4774
1976608 1 4774
1976608 6 4774
1976608 2 4774
1976608 12 4774
1976608 1 4774
1976608 2 4774
1976608 1 4774
1976608 5 4774
1976608 2 4774
1976608 1 4774
1976608 2 4774
1976608 1 4774
1976608 4 4774
1976608 2 4774
1976608 2 4774
1976608 6 4774
1976608 6 4774
1976608 1 4774
1976608 2 4774
1976608 2 4774
1976608 1 4774
1976608 7 4774
1976608 8 4774
1976608 1 4774
1976608 1 4774
1976608 1 4774
1976608 1 4774
1976608 4 4774
1976608 4 4774
1976608 4 4774
1976608 1 4774
1976608 9 4774
1976608 2 4774
1976608 3 4774
1976608 8 4774
1976608 2 4774
1976608 8 4774
1976608 1 4774
1976608 3 4774
1976608 4 4774
1976608 1 4774
1976608 1 4774
1976608 1 4774
1976608 2 4774
1976608 2 4774
1976608 1 4774
1976608 1 4774
1976608 1 4774
1976608 1 4774
1976608 5 4774
1976608 1 4774
1976608 2 4774
1976608 10 4774
1976608 1 4774
1976608 1 4774
1976608 2 4774
1976608 1 4774
1976608 1 4774
1976608 3 4774
1976608 1 4774
1976608 2 4774
1976608 3 4774
1976608 1 4774
1976608 1 4774
1976608 1 4774
1976608 3 4774
1976608 1 4774
1976608 1 4774
1976608 1 4774
1976608 1 4774
1976608 6 4774
1976608 1 4774
1976608 3 4774
1976608 5 4774
1976608 5 4774
1976608 1 4774
1976608 2 4774
1976608 4 4774
1976608 2 4774
1976608 15 4774
1976608 3 4774
1976608 2 4774
1976608 3 4774
1976608 1 4774
1976608 4 4774
1976608 1 4774
1976608 1 4774
1976608 4 4774
1976608 2 4774
1976608 1 4774
1976608 1 4774
1976608 18 4774
1976608 11 4774
1976608 2 4774
1976608 1 4774
1976608 4 4774
1976608 1 4774
1976608 2 4774
1976608 2 4774
1976608 1 4774
1976608 1 4774
1976608 8 4774
1976608 1 4774
1976608 5 4774
1976608 1 4774
1976608 1 4774
1976608 3 4774
1976608 12 4774
1976608 1 4774
1976608 1 4774
1976608 4 4774
1976608 2 4774
1976608 5 4774
1976608 1 4774
1976608 1 4774
1976608 2 4774
1976608 3 4774
1976608 1 4774
1976608 3 4774
1976608 1 4774
1976608 1 4774
1976608 1 4774
1976608 2 4774
1976608 7 4774
1976608 1 4774
1976608 1 4774
1976608 1 4774
1976608 1 4774
1976608 1 4774
1976608 5 4774
1976608 1 4774
1976608 2 4774
1976608 2 4774
1976608 4 4774
1976608 1 4774
1976608 2 4774
1976608 8 4774
1976608 1 4774
1976608 2 4774
1976608 2 4774
1976608 2 4774
1976608 1 4774
1976608 1 4774
1976608 4 4774
1976608 2 4774
1976608 2 4774
1976608 1 4774
1976608 1 4774
1976608 1 4774
1976608 1 4774
1976608 3 4774
1976608 4 4774
1976608 1 4774
1976608 1 4774
1976608 2 4774
1976608 1 4774
1976608 1 4774
1976608 1 4774
1976608 1 4774
1976608 1 4774
1976608 1 4774
1976608 1 4774
1976608 3 4774
1976608 1 4774
1976608 1 4774
1976608 1 4774
1976608 4 4774
1976608 1 4774
1976608 12 4774
1976608 1 4774
1976608 3 4774
1976608 1 4774
1976608 1 4774
1976608 2 4774
1976608 1 4774
1976608 3 4774
1976608 1 4774
1976608 6 4774
1976608 5 4774
1976608 3 4774
1976608 4 4774
1976608 1 4774
1976608 1 4774
1976608 1 4774
1976608 8 4774
1976608 1 4774
1976608 1 4774
1976608 5 4774
1976608 8 4774
1976608 10 4774
1976608 2 4774
1976608 1 4774
1976608 1 4774
1976608 1 4774
1976608 2 4774
1976608 1 4774
1976608 3 4774
1976608 1 4774
1976608 4 4774
1976608 4 4774
1976608 1 4774
1976608 1 4774
1976608 2 4774
1976608 1 4774
1976608 5 4774
1976608 1 4774
1976608 1 4774
1976608 2 4774
1976608 1 4774
1976608 1 4774
1976608 1 4774
1976608 1 4774
1976608 2 4774
1976608 1 4774
1976608 1 4774
1976608 9 4774
1976608 1 4774
1976608 1 4774
1976608 2 4774
1976608 2 4774
1976608 1 4774
1976608 1 4774
1976608 2 4774
1976608 1 4774
1976608 1 4774
1976608 1 4774
1976608 1 4774
1976608 1 4774
1976608 3 4774
1976608 5 4774
1976608 3 4774
1976608 16 4774
1976608 21 4774
1976608 3 4774
1976608 6 4774
1976608 1 4774
1976608 3 4774
1976608 2 4774
1976608 2 4774
1976608 1 4774
1976608 5 4774
1976608 8 4774
1976608 2 4774
1976608 1 4774
1976608 2 4774
1976608 2 4774
1976608 1 4774
1976608 1 4774
1976608 14 4774
1976608 1 4774
1976608 1 4774
1976608 2 4774
1976608 1 4774
1976608 3 4774
1976608 1 4774
1976608 75 4774
1976608 9 4774
1976608 1 4774
1976608 3 4774
1976608 1 4774
1976608 4 4774
1976608 1 4774
1976608 1 4774
1976608 5 4774
1976608 1 4774
1976608 6 4774
1976608 4 4774
1976608 2 4774
1976608 1 4774
1976608 2 4774
1976608 1 4774
1976608 1 4774
1976608 1 4774
1976608 1 4774
1976608 1 4774
1976608 1 4774
1976608 4 4774
1976608 2 4774
1976608 1 4774
1976608 3 4774
1976608 1 4774
1976608 2 4774
1976608 1 4774
1976608 1 4774
1976608 1 4774
1976608 2 4774
1976608 1 4774
1976608 1 4774
1976608 1 4774
1976608 1 4774
1976608 1 4774
1976608 1 4774
1976608 1 4774
1976608 1 4774
1976608 1 4774
1976608 1 4774
1976608 1 4774
1976608 1 4774
1976608 4 4774
1976608 3 4774
1976608 6 4774
1976608 1 4774
1976608 2 4774
1976608 6 4774
1976608 2 4774
1976608 1 4774
1976608 1 4774
1976608 1 4774
1976608 6 4774
1976608 2 4774
1976608 1 4774
1976608 1 4774
1976608 4 4774
1976608 1 4774
1976608 2 4774
1976608 1 4774
1976608 1 4774
1976608 1 4774
1976608 1 4774
1976608 1 4774
1976608 2 4774
1976608 12 4774
1976608 3 4774
1976608 1 4774
1976608 1 4774
1976608 1 4774
1976608 1 4774
1976608 3 4774
1976608 4 4774
1976608 1 4774
1976608 45 4774
1976608 1 4774
1976608 2 4774
1976608 8 4774
1976608 5 4774
1976608 1 4774
1976608 1 4774
1976608 7 4774
1976608 3 4774
1976608 24 4774
1976608 2 4774
1976608 5 4774
1976608 1 4774
1976608 1 4774
1976608 1 4774
1976608 1 4774
1976608 1 4774
1976608 2 4774
1976608 1 4774
1976608 1 4774
1976608 1 4774
1976608 4 4774
1976608 1 4774
1976608 1 4774
1976608 1 4774
1976608 2 4774
1976608 8 4774
1976608 1 4774
1976608 1 4774
1976608 2 4774
1976608 1 4774
1976608 1 4774
1976608 1 4774
1976608 1 4774
1976608 1 4774
1976608 1 4774
1976608 1 4774
1976608 1 4774
1976608 1 4774
1976608 1 4774
1976608 1 4774
1976608 22 4774
1976608 9 4774
1976608 2 4774
1976608 1 4774
1976608 2 4774
1976608 42 4774
1976608 1 4774
1976608 2 4774
1976608 37 4774
1976608 35 4774
1976608 23 4774
1976608 3 4774
1976608 2 4774
1976608 1 4774
1976608 2 4774
1976608 1 4774
1976608 4 4774
