3368296 65 5884
3368296 1 5884
3368296 8 5884
3368296 1 5884
3368296 1 5884
3368296 1 5884
3368296 1 5884
3368296 1 5884
3368296 1 5884
3368296 1 5884
3368296 1 5884
3368296 2 5884
3368296 1 5884
3368296 1 5884
3368296 1 5884
3368296 1 5884
3368296 1 5884
3368296 1 5884
3368296 43 5884
3368296 11 5884
3368296 9 5884
3368296 1 5884
3368296 5 5884
3368296 2 5884
3368296 18 5884
3368296 23 5884
3368296 12 5884
3368296 1 5884
3368296 1 5884
3368296 2 5884
3368296 6 5884
3368296 6 5884
3368296 1 5884
3368296 1 5884
3368296 1 5884
3368296 9 5884
3368296 1 5884
3368296 1 5884
3368296 15 5884
3368296 1 5884
3368296 8 5884
3368296 1 5884
3368296 5 5884
3368296 1 5884
3368296 28 5884
3368296 12 5884
3368296 1 5884
3368296 1 5884
3368296 2 5884
3368296 2 5884
3368296 12 5884
3368296 10 5884
3368296 3 5884
3368296 11 5884
3368296 1 5884
3368296 5 5884
3368296 9 5884
3368296 1 5884
3368296 9 5884
3368296 4 5884
3368296 43 5884
3368296 10 5884
3368296 2 5884
3368296 1 5884
3368296 7 5884
3368296 6 5884
3368296 1 5884
3368296 5 5884
3368296 1 5884
3368296 3 5884
3368296 4 5884
3368296 1 5884
3368296 2 5884
3368296 2 5884
3368296 10 5884
3368296 27 5884
3368296 1 5884
3368296 4 5884
3368296 4 5884
3368296 4 5884
3368296 3 5884
3368296 3 5884
3368296 4 5884
3368296 1 5884
3368296 6 5884
3368296 2 5884
3368296 2 5884
3368296 2 5884
3368296 2 5884
3368296 40 5884
3368296 13 5884
3368296 3 5884
3368296 2 5884
3368296 1 5884
3368296 11 5884
3368296 3 5884
3368296 1 5884
3368296 3 5884
3368296 4 5884
3368296 2 5884
3368296 31 5884
3368296 2 5884
3368296 1 5884
3368296 8 5884
3368296 1 5884
3368296 2 5884
3368296 11 5884
3368296 1 5884
3368296 1 5884
3368296 1 5884
3368296 1 5884
3368296 1 5884
3368296 4 5884
3368296 22 5884
3368296 3 5884
3368296 1 5884
3368296 3 5884
3368296 1 5884
3368296 1 5884
3368296 2 5884
3368296 1 5884
3368296 1 5884
3368296 3 5884
3368296 3 5884
3368296 1 5884
3368296 28 5884
3368296 7 5884
3368296 2 5884
3368296 3 5884
3368296 3 5884
3368296 4 5884
3368296 2 5884
3368296 28 5884
3368296 2 5884
3368296 1 5884
3368296 1 5884
3368296 4 5884
3368296 1 5884
3368296 2 5884
3368296 6 5884
3368296 2 5884
3368296 1 5884
3368296 1 5884
3368296 1 5884
3368296 2 5884
3368296 1 5884
3368296 1 5884
3368296 1 5884
3368296 2 5884
3368296 2 5884
3368296 1 5884
3368296 2 5884
3368296 4 5884
3368296 1 5884
3368296 1 5884
3368296 4 5884
3368296 1 5884
3368296 1 5884
3368296 1 5884
3368296 2 5884
3368296 1 5884
3368296 1 5884
3368296 1 5884
3368296 1 5884
3368296 1 5884
3368296 1 5884
3368296 4 5884
3368296 6 5884
3368296 6 5884
3368296 2 5884
3368296 1 5884
3368296 1 5884
3368296 1 5884
3368296 1 5884
3368296 1 5884
3368296 1 5884
3368296 1 5884
3368296 8 5884
3368296 1 5884
3368296 4 5884
3368296 1 5884
3368296 2 5884
3368296 3 5884
3368296 13 5884
3368296 3 5884
3368296 2 5884
3368296 3 5884
3368296 1 5884
3368296 1 5884
3368296 2 5884
3368296 3 5884
3368296 3 5884
3368296 1 5884
3368296 9 5884
3368296 6 5884
3368296 1 5884
3368296 3 5884
3368296 1 5884
3368296 1 5884
3368296 2 5884
3368296 2 5884
3368296 1 5884
3368296 1 5884
3368296 1 5884
3368296 1 5884
3368296 1 5884
3368296 5 5884
3368296 1 5884
3368296 1 5884
3368296 7 5884
3368296 1 5884
3368296 2 5884
3368296 1 5884
3368296 2 5884
3368296 1 5884
3368296 1 5884
3368296 1 5884
3368296 1 5884
3368296 1 5884
3368296 1 5884
3368296 1 5884
3368296 1 5884
3368296 1 5884
3368296 1 5884
3368296 2 5884
3368296 1 5884
3368296 1 5884
3368296 24 5884
3368296 12 5884
3368296 1 5884
3368296 1 5884
3368296 8 5884
3368296 1 5884
3368296 1 5884
3368296 1 5884
3368296 4 5884
3368296 2 5884
3368296 1 5884
3368296 4 5884
3368296 1 5884
3368296 1 5884
3368296 1 5884
3368296 3 5884
3368296 1 5884
3368296 1 5884
3368296 1 5884
3368296 1 5884
3368296 3 5884
3368296 7 5884
3368296 2 5884
3368296 10 5884
3368296 2 5884
3368296 3 5884
3368296 2 5884
3368296 1 5884
3368296 1 5884
3368296 2 5884
3368296 1 5884
3368296 1 5884
3368296 1 5884
3368296 1 5884
3368296 2 5884
3368296 1 5884
3368296 1 5884
3368296 1 5884
3356124 1 5773
3368296 1 5884
3368296 1 5884
3368296 3 5884
3368296 2 5884
3368296 1 5884
3368296 5 5884
3368296 5 5884
3368296 1 5884
3368296 8 5884
3368296 1 5884
3368296 1 5884
3368296 1 5884
3368296 2 5884
3368296 2 5884
3368296 4 5884
3368296 1 5884
3368296 1 5884
3368296 1 5884
3368296 2 5884
3368296 1 5884
3368296 1 5884
3368296 1 5884
3368296 1 5884
3368296 1 5884
3368296 1 5884
3368296 2 5884
3368296 1 5884
3368296 1 5884
3368296 1 5884
3368296 1 5884
3368296 1 5884
3368296 3 5884
3368296 9 5884
3368296 1 5884
3368296 5 5884
3368296 1 5884
3368296 1 5884
3368296 7 5884
3368296 24 5884
3368296 1 5884
3368296 1 5884
3368296 1 5884
3368296 2 5884
3368296 4 5884
3368296 19 5884
3368296 1 5884
3368296 1 5884
3368296 1 5884
3368296 1 5884
3368296 7 5884
3368296 1 5884
3368296 1 5884
3368296 1 5884
3368296 2 5884
3368296 1 5884
3368296 2 5884
3368296 1 5884
3368296 2 5884
3368296 5 5884
3368296 4 5884
3368296 4 5884
3368296 9 5884
3368296 1 5884
3368296 1 5884
3368296 1 5884
3368296 5 5884
3368296 1 5884
3368296 2 5884
3368296 2 5884
3368296 1 5884
3368296 2 5884
3368296 1 5884
3368296 1 5884
3368296 8 5884
3368296 2 5884
3368296 1 5884
3368296 1 5884
3368296 2 5884
3368296 2 5884
3368296 2 5884
3368296 1 5884
3368296 3 5884
3368296 1 5884
3368296 1 5884
3368296 1 5884
3368296 7 5884
3368296 1 5884
3368296 1 5884
3368296 4 5884
3368296 1 5884
3368296 6 5884
3368296 5 5884
3368296 1 5884
3368296 5 5884
3368296 1 5884
3368296 2 5884
3368296 1 5884
3368296 7 5884
3368296 1 5884
3368296 2 5884
3368296 1 5884
3368296 2 5884
3368296 1 5884
3368296 1 5884
3368296 1 5884
3368296 1 5884
3368296 2 5884
3368296 1 5884
3368296 2 5884
3368296 2 5884
3368296 3 5884
3368296 2 5884
3368296 8 5884
3368296 29 5884
3368296 2 5884
3368296 1 5884
3368296 1 5884
3368296 1 5884
3368296 1 5884
3368296 1 5884
3368296 2 5884
3368296 1 5884
3368296 6 5884
3368296 4 5884
3368296 2 5884
3368296 1 5884
3368296 1 5884
3368296 1 5884
3368296 1 5884
3368296 2 5884
3368296 1 5884
3368296 1 5884
3368296 1 5884
3368296 1 5884
3368296 1 5884
3368296 2 5884
3368296 22 5884
3368296 1 5884
3368296 3 5884
3368296 1 5884
3368296 3 5884
3368296 1 5884
3368296 7 5884
3368296 1 5884
3368296 1 5884
3368296 3 5884
3368296 11 5884
3368296 1 5884
3368296 1 5884
3368296 2 5884
3368296 7 5884
3368296 15 5884
3368296 17 5884
3368296 17 5884
3368296 1 5884
3368296 1 5884
3368296 1 5884
3368296 1 5884
3368296 2 5884
3368296 4 5884
3368296 2 5884
3368296 5 5884
3368296 1 5884
3368296 2 5884
3368296 4 5884
3368296 10 5884
3368296 5 5884
3368296 2 5884
3368296 1 5884
3368296 1 5884
3368296 3 5884
3368296 1 5884
3368296 1 5884
3368296 1 5884
3368296 2 5884
3368296 2 5884
3368296 1 5884
3368296 1 5884
3368296 2 5884
3368296 7 5884
3368296 1 5884
3368296 2 5884
3368296 1 5884
3368296 3 5884
3368296 1 5884
3368296 1 5884
3368296 1 5884
3368296 1 5884
3368296 1 5884
3368296 1 5884
3368296 9 5884
3368296 1 5884
3368296 1 5884
3368296 1 5884
3368296 5 5884
3368296 1 5884
3368296 2 5884
3368296 1 5884
3368296 1 5884
3368296 1 5884
3368296 1 5884
3368296 2 5884
3368296 2 5884
3368296 2 5884
3368296 19 5884
3368296 1 5884
3368296 7 5884
3368296 3 5884
3368296 1 5884
3368296 11 5884
3368296 1 5884
3368296 1 5884
3368296 1 5884
3368296 6 5884
3368296 1 5884
3368296 6 5884
3368296 4 5884
3368296 4 5884
3368296 2 5884
3368296 1 5884
3368296 3 5884
3368296 2 5884
3368296 1 5884
3368296 1 5884
3368296 1 5884
3368296 4 5884
3368296 1 5884
3368296 1 5884
3368296 1 5884
3368296 1 5884
3368296 1 5884
3368296 1 5884
3368296 2 5884
3368296 2 5884
3368296 1 5884
3368296 4 5884
3368296 2 5884
3368296 2 5884
3368296 2 5884
3368296 1 5884
3368296 1 5884
3368296 7 5884
3368296 1 5884
3368296 1 5884
3368296 1 5884
3368296 1 5884
3368296 3 5884
3368296 2 5884
3368296 1 5884
3368296 8 5884
3368296 12 5884
3368296 5 5884
3368296 1 5884
3368296 1 5884
3368296 1 5884
3368296 1 5884
3368296 1 5884
3368296 1 5884
3368296 1 5884
3368296 1 5884
3368296 1 5884
3368296 1 5884
3368296 2 5884
3368296 2 5884
3368296 12 5884
3368296 1 5884
3368296 1 5884
3368296 1 5884
3368296 1 5884
3368296 1 5884
3368296 3 5884
3368296 5 5884
3368296 1 5884
3368296 1 5884
3368296 16 5884
3368296 24 5884
3368296 1 5884
3368296 1 5884
3368296 5 5884
3368296 2 5884
3368296 10 5884
3368296 1 5884
3368296 3 5884
3368296 1 5884
3368296 5 5884
3368296 13 5884
3368296 7 5884
3368296 10 5884
3368296 1 5884
3368296 6 5884
3368296 2 5884
3368296 1 5884
3368296 1 5884
3368296 1 5884
3368296 1 5884
3368296 14 5884
3368296 8 5884
3368296 1 5884
3368296 1 5884
3368296 2 5884
3368296 4 5884
3368296 2 5884
3368296 1 5884
3368296 4 5884
3368296 1 5884
3368296 1 5884
3368296 4 5884
3368296 1 5884
3368296 1 5884
3368296 1 5884
3368296 3 5884
3368296 2 5884
3368296 2 5884
3368296 1 5884
3368296 1 5884
3368296 2 5884
3368296 1 5884
3368296 1 5884
3368296 1 5884
3368296 10 5884
3368296 1 5884
3368296 2 5884
3368296 1 5884
3368296 1 5884
3368296 13 5884
3368296 3 5884
3368296 1 5884
3368296 1 5884
3368296 1 5884
3368296 1 5884
3368296 1 5884
3368296 1 5884
3368296 1 5884
3368296 2 5884
3368296 1 5884
3368296 1 5884
3368296 1 5884
3368296 2 5884
3368296 2 5884
3368296 1 5884
3368296 6 5884
3368296 1 5884
3368296 1 5884
3368296 1 5884
3368296 1 5884
3368296 10 5884
3368296 12 5884
3368296 1 5884
3368296 2 5884
3368296 1 5884
3368296 1 5884
3368296 4 5884
3368296 1 5884
3368296 1 5884
3368296 2 5884
3368296 1 5884
3368296 3 5884
3368296 7 5884
3368296 1 5884
3368296 1 5884
3368296 1 5884
3368296 13 5884
3368296 1 5884
3368296 24 5884
3368296 14 5884
3368296 2 5884
3368296 1 5884
3368296 1 5884
3368296 4 5884
3368296 1 5884
3368296 1 5884
3368296 1 5884
3368296 4 5884
3368296 4 5884
3368296 1 5884
3368296 1 5884
3368296 1 5884
3368296 2 5884
3368296 2 5884
3368296 4 5884
3368296 1 5884
3368296 1 5884
3368296 1 5884
3368296 4 5884
3368296 1 5884
3368296 10 5884
3368296 1 5884
3368296 2 5884
3368296 1 5884
3368296 2 5884
3368296 5 5884
3368296 1 5884
3368296 1 5884
3368296 4 5884
3368296 1 5884
3368296 23 5884
3368296 17 5884
3368296 3 5884
3368296 8 5884
3368296 1 5884
3368296 3 5884
3368296 3 5884
3368296 1 5884
3368296 1 5884
3368296 1 5884
3368296 3 5884
3368296 1 5884
3368296 16 5884
3368296 3 5884
3368296 8 5884
3368296 1 5884
3368296 1 5884
3368296 5 5884
3368296 1 5884
3368296 1 5884
3368296 2 5884
3368296 3 5884
3368296 1 5884
3368296 3 5884
3368296 3 5884
3368296 13 5884
3368296 12 5884
3368296 16 5884
3368296 12 5884
3368296 7 5884
3368296 1 5884
3368296 1 5884
3368296 1 5884
3368296 1 5884
3368296 1 5884
3368296 3 5884
3368296 2 5884
3368296 11 5884
3368296 1 5884
3368296 1 5884
3368296 1 5884
3368296 1 5884
3368296 1 5884
3368296 2 5884
3368296 1 5884
3368296 2 5884
3368296 1 5884
3368296 1 5884
3368296 3 5884
3368296 2 5884
3368296 1 5884
3368296 1 5884
3368296 1 5884
3368296 1 5884
3368296 1 5884
3368296 3 5884
3368296 1 5884
3368296 2 5884
3368296 1 5884
3368296 1 5884
3368296 1 5884
3368296 18 5884
3368296 103 5884
3368296 1 5884
3368296 1 5884
3368296 1 5884
3368296 11 5884
3368296 1 5884
3368296 1 5884
3368296 2 5884
3368296 1 5884
3368296 9 5884
3368296 2 5884
3368296 3 5884
3368296 1 5884
3368296 22 5884
3368296 2 5884
3368296 2 5884
3368296 3 5884
3368296 1 5884
3368296 1 5884
3368296 1 5884
3368296 1 5884
3368296 3 5884
3368296 1 5884
3368296 2 5884
3368296 21 5884
3368296 6 5884
3368296 1 5884
3368296 1 5884
3368296 2 5884
3368296 2 5884
3368296 4 5884
3368296 1 5884
3368296 2 5884
3368296 1 5884
3368296 1 5884
3368296 1 5884
3368296 1 5884
3368296 1 5884
3368296 3 5884
3368296 2 5884
3368296 2 5884
3368296 1 5884
3368296 1 5884
3368296 1 5884
3368296 9 5884
3368296 11 5884
3368296 2 5884
3368296 2 5884
3368296 1 5884
3368296 2 5884
3368296 8 5884
3368296 1 5884
3368296 1 5884
3368296 1 5884
3368296 1 5884
3368296 15 5884
3368296 1 5884
3368296 3 5884
3368296 18 5884
3368296 2 5884
3368296 1 5884
3368296 1 5884
3368296 1 5884
3368296 2 5884
3368296 1 5884
3368296 1 5884
3368296 16 5884
3368296 1 5884
3368296 2 5884
3368296 7 5884
3368296 1 5884
3368296 1 5884
3368296 1 5884
3368296 7 5884
3368296 3 5884
3368296 1 5884
3368296 1 5884
3368296 30 5884
3368296 3 5884
3368296 1 5884
3368296 11 5884
3368296 10 5884
3368296 1 5884
3368296 1 5884
3368296 1 5884
3368296 2 5884
3368296 1 5884
3368296 1 5884
3368296 3 5884
3368296 1 5884
3368296 4 5884
3368296 4 5884
3368296 1 5884
3368296 1 5884
3368296 8 5884
3368296 1 5884
3368296 1 5884
3368296 2 5884
3368296 1 5884
3368296 3 5884
3368296 1 5884
3368296 1 5884
3368296 1 5884
3368296 1 5884
3368296 2 5884
3368296 2 5884
3368296 1 5884
3368296 1 5884
3368296 1 5884
3368296 1 5884
3368296 5 5884
3368296 1 5884
3368296 23 5884
3368296 13 5884
3368296 8 5884
3368296 1 5884
3368296 1 5884
3368296 2 5884
3368296 3 5884
3368296 1 5884
3368296 5 5884
3368296 8 5884
3368296 3 5884
3368296 4 5884
3368296 5 5884
3368296 1 5884
3368296 2 5884
3368296 10 5884
3368296 4 5884
3368296 3 5884
3368296 1 5884
3368296 1 5884
3368296 1 5884
3368296 1 5884
3368296 3 5884
3368296 2 5884
3368296 1 5884
3368296 1 5884
3368296 1 5884
3368296 4 5884
3368296 1 5884
3368296 1 5884
3368296 3 5884
3368296 1 5884
3368296 2 5884
3368296 2 5884
3368296 1 5884
3368296 2 5884
3368296 1 5884
3368296 1 5884
3368296 9 5884
3368296 13 5884
3368296 1 5884
3368296 3 5884
3368296 1 5884
3368296 4 5884
3368296 2 5884
3368296 3 5884
3368296 32 5884
3368296 8 5884
3368296 1 5884
3368296 1 5884
3368296 1 5884
3368296 1 5884
3368296 1 5884
3368296 4 5884
3368296 2 5884
3368296 1 5884
3368296 18 5884
3368296 4 5884
3368296 6 5884
3368296 2 5884
3368296 1 5884
3368296 1 5884
3368296 14 5884
3368296 3 5884
3368296 2 5884
3368296 1 5884
3368296 2 5884
3368296 4 5884
3368296 1 5884
3368296 1 5884
3368296 7 5884
3368296 4 5884
3368296 7 5884
3368296 10 5884
3368296 20 5884
3368296 1 5884
3368296 15 5884
3368296 2 5884
3368296 2 5884
3368296 2 5884
3368296 4 5884
3368296 2 5884
3368296 1 5884
3368296 5 5884
3368296 1 5884
3368296 3 5884
3368296 6 5884
3368296 2 5884
3368296 1 5884
3368296 3 5884
3368296 4 5884
3368296 1 5884
3368296 1 5884
3368296 1 5884
3368296 1 5884
3368296 3 5884
3368296 3 5884
3368296 2 5884
3368296 1 5884
3368296 1 5884
3368296 9 5884
3368296 1 5884
3368296 2 5884
3368296 13 5884
3368296 4 5884
3368296 7 5884
3368296 26 5884
3368296 1 5884
3368296 4 5884
3368296 1 5884
3368296 1 5884
3368296 2 5884
3368296 106 5884
3368296 2 5884
3368296 15 5884
3368296 2 5884
3368296 2 5884
3368296 23 5884
3368296 11 5884
3368296 1 5884
