3420498 1 5551
3420498 7 5551
3420498 2 5551
3420498 1 5551
3420498 1 5551
3420498 2 5551
3420498 2 5551
3420498 1 5551
3420498 1 5551
3420498 1 5551
3420498 1 5551
3420498 1 5551
3420498 7 5551
3420498 4 5551
3420498 1 5551
3420498 1 5551
3420498 4 5551
3420498 2 5551
3420498 4 5551
3420498 2 5551
3420498 1 5551
3420498 1 5551
3420498 7 5551
3420498 3 5551
3420498 2 5551
3420498 1 5551
3420498 1 5551
3420498 1 5551
3420498 1 5551
3420498 3 5551
3420498 1 5551
3420498 1 5551
3420498 1 5551
3420498 1 5551
3420498 1 5551
3420498 1 5551
3420498 3 5551
3420498 1 5551
3420498 1 5551
3420498 1 5551
3420498 1 5551
3420498 1 5551
3420498 1 5551
3420498 1 5551
3420498 2 5551
3420498 2 5551
3420498 1 5551
3420498 1 5551
3420498 1 5551
3420498 1 5551
3420498 1 5551
3420498 1 5551
3420498 1 5551
3420498 2 5551
3420498 1 5551
3420498 1 5551
3420498 1 5551
3420498 1 5551
3420498 40 5551
3420498 1 5551
3444845 1 5440
3420498 1 5551
3420498 1 5551
3420498 2 5551
3420498 1 5551
3420498 1 5551
3420498 1 5551
3420498 1 5551
3420498 1 5551
3420498 1 5551
3420498 3 5551
3420498 1 5551
3420498 3 5551
3420498 1 5551
3420498 1 5551
3420498 1 5551
3420498 1 5551
3420498 1 5551
3420498 1 5551
3420498 1 5551
3420498 1 5551
3420498 1 5551
3420498 1 5551
3420498 2 5551
3420498 4 5551
3420498 1 5551
3420498 8 5551
3420498 5 5551
3420498 4 5551
3420498 1 5551
3420498 1 5551
3420498 1 5551
3420498 2 5551
3420498 2 5551
3420498 1 5551
3420498 1 5551
3420498 2 5551
3420498 4 5551
3420498 1 5551
3420498 1 5551
3420498 1 5551
3420498 1 5551
3420498 2 5551
3420498 2 5551
3420498 1 5551
3420498 1 5551
3420498 1 5551
3420498 2 5551
3420498 1 5551
3420498 2 5551
3420498 1 5551
3420498 2 5551
3420498 1 5551
3420498 1 5551
3420498 5 5551
3420498 1 5551
3420498 1 5551
3420498 1 5551
3420498 8 5551
3420498 11 5551
3420498 1 5551
3420498 1 5551
3420498 6 5551
3420498 3 5551
3420498 2 5551
3420498 1 5551
3420498 1 5551
3420498 1 5551
3420498 1 5551
3420498 1 5551
3420498 1 5551
3420498 1 5551
3420498 3 5551
3420498 3 5551
3420498 2 5551
3420498 4 5551
3420498 1 5551
3420498 2 5551
3420498 2 5551
3420498 2 5551
3420498 1 5551
3420498 1 5551
3420498 1 5551
3420498 1 5551
3420498 1 5551
3420498 1 5551
3420498 1 5551
3420498 1 5551
3420498 1 5551
3420498 1 5551
3420498 1 5551
3420498 2 5551
3420498 1 5551
3420498 1 5551
3420498 1 5551
3420498 1 5551
3420498 3 5551
3420498 3 5551
3420498 1 5551
3420498 1 5551
3420498 2 5551
3420498 1 5551
3420498 1 5551
3420498 1 5551
3420498 2 5551
3420498 2 5551
3420498 1 5551
3420498 1 5551
3420498 1 5551
3420498 1 5551
3420498 1 5551
3420498 1 5551
3420498 1 5551
3420498 1 5551
3420498 1 5551
3420498 2 5551
3420498 1 5551
3420498 2 5551
3420498 1 5551
3420498 4 5551
3420498 2 5551
3420498 1 5551
3420498 1 5551
3420498 2 5551
3420498 2 5551
3420498 3 5551
3420498 4 5551
3420498 1 5551
3420498 1 5551
3420498 1 5551
3420498 1 5551
3420498 1 5551
3420498 1 5551
3420498 4 5551
3420498 1 5551
3420498 1 5551
3420498 2 5551
3420498 2 5551
3420498 4 5551
3420498 1 5551
3420498 1 5551
3420498 1 5551
3420498 1 5551
3420498 2 5551
3420498 1 5551
3420498 3 5551
3420498 1 5551
3420498 1 5551
3420498 1 5551
3420498 2 5551
3420498 1 5551
3420498 1 5551
3420498 1 5551
3420498 1 5551
3420498 7 5551
3420498 1 5551
3420498 1 5551
3420498 2 5551
3420498 1 5551
3420498 3 5551
3420498 1 5551
3420498 1 5551
3420498 2 5551
3420498 1 5551
3420498 1 5551
3420498 1 5551
3420498 2 5551
3420498 1 5551
3420498 1 5551
3420498 1 5551
3420498 1 5551
3420498 1 5551
3420498 4 5551
3420498 1 5551
3420498 2 5551
3420498 2 5551
3420498 3 5551
3420498 2 5551
3420498 4 5551
3420498 1 5551
3420498 1 5551
3420498 4 5551
3420498 2 5551
3420498 1 5551
3420498 1 5551
3420498 1 5551
3420498 2 5551
3420498 1 5551
3420498 1 5551
3420498 1 5551
3420498 1 5551
3420498 1 5551
3420498 1 5551
3420498 6 5551
3420498 1 5551
3420498 1 5551
3420498 1 5551
3420498 1 5551
3420498 2 5551
3420498 1 5551
3420498 1 5551
3420498 6 5551
3420498 1 5551
3420498 1 5551
3420498 1 5551
3420498 1 5551
3420498 2 5551
3420498 1 5551
3420498 2 5551
3420498 1 5551
3420498 7 5551
3420498 9 5551
3420498 3 5551
3420498 1 5551
3420498 2 5551
3420498 1 5551
3420498 1 5551
3420498 2 5551
3420498 1 5551
3420498 1 5551
3420498 1 5551
3420498 1 5551
3420498 8 5551
3420498 1 5551
3420498 7 5551
3420498 3 5551
3420498 1 5551
3420498 1 5551
3420498 1 5551
3420498 1 5551
3420498 1 5551
3420498 1 5551
3420498 1 5551
3420498 3 5551
3420498 1 5551
3420498 2 5551
3420498 1 5551
3420498 1 5551
3420498 1 5551
3420498 2 5551
3420498 1 5551
3420498 1 5551
3420498 1 5551
3420498 1 5551
3420498 3 5551
3420498 1 5551
3420498 1 5551
3420498 2 5551
3420498 2 5551
3420498 2 5551
3420498 1 5551
3420498 1 5551
3420498 1 5551
3420498 1 5551
3420498 2 5551
3420498 1 5551
3420498 4 5551
3420498 1 5551
3420498 1 5551
3420498 1 5551
3420498 1 5551
3420498 3 5551
3420498 2 5551
3420498 4 5551
3420498 3 5551
3420498 1 5551
3420498 1 5551
3420498 1 5551
3420498 2 5551
3420498 1 5551
3420498 1 5551
3420498 1 5551
3420498 1 5551
3420498 1 5551
3420498 2 5551
3420498 2 5551
3420498 2 5551
3420498 1 5551
3420498 1 5551
3420498 1 5551
3420498 2 5551
3420498 1 5551
3420498 1 5551
3420498 2 5551
3420498 4 5551
3420498 7 5551
3420498 1 5551
3420498 5 5551
3420498 8 5551
3420498 1 5551
3420498 20 5551
3420498 1 5551
3420498 1 5551
3420498 1 5551
3420498 1 5551
3420498 1 5551
3420498 1 5551
3420498 3 5551
3420498 1 5551
3420498 1 5551
3420498 3 5551
3420498 1 5551
3420498 1 5551
3420498 2 5551
3420498 1 5551
3420498 2 5551
3420498 1 5551
3420498 1 5551
3420498 1 5551
3420498 1 5551
3420498 2 5551
3420498 1 5551
3420498 4 5551
3420498 2 5551
3420498 1 5551
3420498 1 5551
3420498 1 5551
3420498 3 5551
3420498 1 5551
3420498 1 5551
3420498 1 5551
3420498 1 5551
3420498 3 5551
3420498 1 5551
3420498 2 5551
3420498 2 5551
3420498 2 5551
3420498 1 5551
3420498 1 5551
3420498 1 5551
3420498 1 5551
3420498 3 5551
3420498 9 5551
3420498 1 5551
3420498 1 5551
3420498 1 5551
3420498 1 5551
3420498 5 5551
3420498 1 5551
3420498 1 5551
3420498 1 5551
3420498 15 5551
3420498 1 5551
3420498 1 5551
3420498 1 5551
3420498 2 5551
3420498 2 5551
3420498 1 5551
3420498 1 5551
3420498 2 5551
3420498 1 5551
3420498 2 5551
3420498 1 5551
3420498 1 5551
3420498 1 5551
3420498 6 5551
3420498 1 5551
3420498 3 5551
3420498 2 5551
3420498 1 5551
3420498 1 5551
3420498 1 5551
3420498 1 5551
3420498 1 5551
3420498 1 5551
3420498 2 5551
3420498 2 5551
3420498 1 5551
3420498 13 5551
3420498 3 5551
3420498 1 5551
3420498 1 5551
3420498 1 5551
3420498 1 5551
3420498 8 5551
3420498 1 5551
3420498 3 5551
3420498 1 5551
3420498 1 5551
3420498 14 5551
3420498 14 5551
3420498 1 5551
3420498 1 5551
3420498 7 5551
3420498 3 5551
3420498 2 5551
3420498 1 5551
3420498 1 5551
3420498 2 5551
3420498 1 5551
3420498 1 5551
3420498 1 5551
3420498 2 5551
3420498 4 5551
3420498 1 5551
3420498 1 5551
3420498 1 5551
3420498 1 5551
3420498 1 5551
3420498 1 5551
3420498 1 5551
3420498 1 5551
3420498 1 5551
3420498 1 5551
3420498 1 5551
3420498 1 5551
3420498 3 5551
3420498 1 5551
3420498 1 5551
3420498 1 5551
3420498 1 5551
3420498 1 5551
3420498 1 5551
3420498 6 5551
3420498 1 5551
3420498 1 5551
3420498 1 5551
3420498 1 5551
3420498 2 5551
3420498 1 5551
3420498 3 5551
3420498 1 5551
3420498 1 5551
3420498 1 5551
3420498 1 5551
3420498 2 5551
3420498 1 5551
3420498 1 5551
3420498 3 5551
3420498 1 5551
3420498 1 5551
3420498 2 5551
3420498 1 5551
3420498 1 5551
3420498 1 5551
3420498 5 5551
3420498 1 5551
3420498 2 5551
3420498 2 5551
3420498 1 5551
3420498 1 5551
3420498 1 5551
3420498 1 5551
3420498 3 5551
3420498 1 5551
3420498 1 5551
3420498 1 5551
3420498 1 5551
3420498 1 5551
3420498 1 5551
3420498 1 5551
3420498 1 5551
3420498 1 5551
3420498 1 5551
3420498 2 5551
3420498 1 5551
3420498 1 5551
3420498 1 5551
3420498 1 5551
3420498 1 5551
3420498 1 5551
3420498 1 5551
3420498 1 5551
3420498 2 5551
3420498 2 5551
3420498 1 5551
3420498 1 5551
3420498 1 5551
3420498 1 5551
3420498 2 5551
3420498 3 5551
3420498 1 5551
3420498 1 5551
3420498 1 5551
3420498 1 5551
3420498 5 5551
3420498 1 5551
3420498 1 5551
3420498 1 5551
3420498 2 5551
3420498 1 5551
3420498 1 5551
3420498 1 5551
3420498 1 5551
3420498 1 5551
3420498 3 5551
3420498 1 5551
3420498 1 5551
3420498 2 5551
3420498 2 5551
3420498 2 5551
3420498 1 5551
3420498 1 5551
3420498 1 5551
3420498 1 5551
3420498 1 5551
3420498 1 5551
3420498 5 5551
3420498 2 5551
3420498 1 5551
3420498 2 5551
3420498 1 5551
3420498 2 5551
3420498 2 5551
3420498 1 5551
3420498 2 5551
3420498 3 5551
3420498 3 5551
3420498 3 5551
3420498 1 5551
3420498 1 5551
3420498 1 5551
3420498 1 5551
3420498 1 5551
3420498 1 5551
3420498 1 5551
3420498 1 5551
3420498 1 5551
3420498 1 5551
3420498 5 5551
3420498 1 5551
3420498 4 5551
3420498 7 5551
3420498 3 5551
3420498 1 5551
3420498 1 5551
3420498 11 5551
3420498 1 5551
3420498 1 5551
3420498 1 5551
3420498 1 5551
3420498 1 5551
3420498 1 5551
3420498 3 5551
3420498 1 5551
3420498 1 5551
3420498 1 5551
3420498 1 5551
3420498 1 5551
3420498 1 5551
3420498 1 5551
3420498 2 5551
3420498 1 5551
3420498 1 5551
3420498 2 5551
3420498 3 5551
3420498 1 5551
3420498 1 5551
3420498 1 5551
3420498 6 5551
3420498 4 5551
3420498 2 5551
3420498 1 5551
3420498 2 5551
3420498 1 5551
3420498 1 5551
3420498 23 5551
3420498 2 5551
3420498 1 5551
3420498 1 5551
3420498 8 5551
3420498 5 5551
3420498 1 5551
3420498 1 5551
3420498 3 5551
