3337801 53 5329
3337801 2 5329
3337801 6 5329
3337801 1 5329
3337801 3 5329
3337801 1 5329
3337801 1 5329
3337801 47 5329
3337801 5 5329
3337801 3 5329
3337801 3 5329
3337801 9 5329
3337801 2 5329
3337801 3 5329
3337801 8 5329
3337801 3 5329
3337801 7 5329
3337801 1 5329
3337801 34 5329
3337801 3 5329
3337801 1 5329
3337801 2 5329
3337801 1 5329
3337801 5 5329
3337801 3 5329
3337801 3 5329
3337801 3 5329
3337801 1 5329
3337801 15 5329
3337801 10 5329
3337801 3 5329
3337801 1 5329
3337801 4 5329
3337801 1 5329
3337801 1 5329
3337801 2 5329
3337801 1 5329
3337801 15 5329
3337801 1 5329
3337801 2 5329
3337801 1 5329
3337801 4 5329
3337801 3 5329
3337801 9 5329
3337801 3 5329
3337801 1 5329
3337801 1 5329
3337801 1 5329
3337801 2 5329
3337801 23 5329
3337801 9 5329
3337801 2 5329
3337801 1 5329
3337801 2 5329
3337801 2 5329
3337801 18 5329
3337801 1 5329
3337801 2 5329
3337801 2 5329
3337801 4 5329
3337801 2 5329
3337801 1 5329
3337801 2 5329
3337801 1 5329
3337801 1 5329
3337801 14 5329
3337801 1 5329
3337801 2 5329
3337801 1 5329
3337801 1 5329
3337801 2 5329
3337801 1 5329
3337801 1 5329
3337801 1 5329
3337801 2 5329
3337801 1 5329
3337801 2 5329
3337801 1 5329
3337801 2 5329
3337801 1 5329
3337801 1 5329
3337801 1 5329
3337801 1 5329
3337801 1 5329
3337801 1 5329
3337801 1 5329
3337801 1 5329
3337801 1 5329
3337801 1 5329
3337801 1 5329
3337801 1 5329
3337801 1 5329
3337801 1 5329
3337801 1 5329
3337801 3 5329
3337801 1 5329
3337801 1 5329
3337801 1 5329
3337801 1 5329
3337801 2 5329
3337801 2 5329
3337801 1 5329
3337801 2 5329
3337801 1 5329
3337801 1 5329
3337801 17 5329
3337801 1 5329
3337801 2 5329
3337801 2 5329
3337801 2 5329
3337801 1 5329
3337801 2 5329
3337801 2 5329
3337801 1 5329
3337801 1 5329
3337801 1 5329
3337801 1 5329
3337801 1 5329
3337801 3 5329
3337801 1 5329
3337801 2 5329
3337801 1 5329
3337801 1 5329
3337801 1 5329
3337801 1 5329
3337801 1 5329
3337801 2 5329
3337801 1 5329
3337801 1 5329
3337801 2 5329
3337801 2 5329
3337801 1 5329
3337801 1 5329
3337801 1 5329
3337801 1 5329
3337801 3 5329
3337801 4 5329
3337801 3 5329
3337801 1 5329
3337801 1 5329
3337801 1 5329
3710774 1 5218
3337801 2 5329
3337801 2 5329
3337801 1 5329
3337801 1 5329
3337801 6 5329
3337801 1 5329
3337801 2 5329
3337801 1 5329
3337801 1 5329
3337801 1 5329
3337801 1 5329
3337801 1 5329
3337801 1 5329
3337801 1 5329
3337801 1 5329
3337801 1 5329
3337801 2 5329
3337801 1 5329
3337801 4 5329
3337801 4 5329
3337801 70 5329
3337801 3 5329
3337801 1 5329
3337801 4 5329
3337801 3 5329
3337801 1 5329
3337801 1 5329
3337801 1 5329
3337801 2 5329
3337801 1 5329
3337801 1 5329
3337801 2 5329
3337801 1 5329
3337801 3 5329
3337801 1 5329
3337801 2 5329
3337801 1 5329
3337801 2 5329
3337801 1 5329
3337801 1 5329
3337801 1 5329
3337801 2 5329
3337801 1 5329
3337801 1 5329
3337801 1 5329
3337801 1 5329
3337801 1 5329
3337801 13 5329
3337801 4 5329
3337801 1 5329
3337801 1 5329
3337801 1 5329
3337801 1 5329
3337801 1 5329
3337801 4 5329
3337801 6 5329
3337801 4 5329
3337801 6 5329
3337801 1 5329
3337801 33 5329
3337801 17 5329
3337801 1 5329
3337801 1 5329
3337801 2 5329
3337801 2 5329
3337801 1 5329
3337801 2 5329
3337801 2 5329
3337801 1 5329
3337801 2 5329
3337801 1 5329
3337801 1 5329
3337801 3 5329
3337801 1 5329
3337801 1 5329
3337801 4 5329
3337801 1 5329
3337801 1 5329
3337801 1 5329
3337801 2 5329
3337801 1 5329
3337801 1 5329
3337801 3 5329
3337801 1 5329
3337801 1 5329
3337801 1 5329
3337801 15 5329
3337801 1 5329
3337801 1 5329
3337801 1 5329
3337801 1 5329
3337801 2 5329
3337801 4 5329
3337801 3 5329
3337801 3 5329
3337801 1 5329
3337801 1 5329
3337801 1 5329
3337801 1 5329
3337801 1 5329
3337801 3 5329
3337801 6 5329
3337801 7 5329
3337801 7 5329
3337801 1 5329
3337801 3 5329
3337801 1 5329
3337801 1 5329
3337801 1 5329
3337801 3 5329
3337801 3 5329
3337801 1 5329
3337801 1 5329
3337801 1 5329
3337801 1 5329
3337801 3 5329
3337801 2 5329
3337801 3 5329
3337801 1 5329
3337801 1 5329
3337801 1 5329
3337801 2 5329
3337801 5 5329
3337801 14 5329
3337801 1 5329
3337801 4 5329
3337801 2 5329
3337801 1 5329
3337801 1 5329
3337801 1 5329
3337801 1 5329
3337801 1 5329
3337801 6 5329
3337801 1 5329
3337801 1 5329
3337801 1 5329
3337801 4 5329
3337801 3 5329
3337801 1 5329
3337801 2 5329
3337801 2 5329
3337801 1 5329
3337801 1 5329
3337801 3 5329
3337801 3 5329
3337801 3 5329
3337801 1 5329
3337801 1 5329
3337801 1 5329
3337801 1 5329
3337801 7 5329
3337801 1 5329
3337801 1 5329
3337801 1 5329
3337801 1 5329
3337801 1 5329
3337801 1 5329
3337801 3 5329
3337801 29 5329
3337801 2 5329
3337801 1 5329
3337801 1 5329
3337801 1 5329
3337801 1 5329
3337801 2 5329
3337801 1 5329
3337801 1 5329
3337801 1 5329
3337801 1 5329
3337801 2 5329
3337801 2 5329
3337801 2 5329
3337801 1 5329
3337801 2 5329
3337801 1 5329
3337801 1 5329
3337801 3 5329
3337801 1 5329
3337801 1 5329
3337801 1 5329
3337801 1 5329
3337801 1 5329
3337801 2 5329
3337801 1 5329
3337801 1 5329
3337801 1 5329
3337801 4 5329
3337801 1 5329
3337801 1 5329
3337801 3 5329
3337801 1 5329
3337801 1 5329
3337801 1 5329
3337801 1 5329
3337801 3 5329
3337801 1 5329
3337801 27 5329
3337801 1 5329
3337801 4 5329
3337801 1 5329
3337801 1 5329
3337801 3 5329
3337801 11 5329
3337801 8 5329
3337801 1 5329
3337801 1 5329
3337801 1 5329
3337801 3 5329
3337801 4 5329
3337801 3 5329
3337801 3 5329
3337801 1 5329
3337801 1 5329
3337801 2 5329
3337801 12 5329
3337801 2 5329
3337801 4 5329
3337801 7 5329
3337801 2 5329
3337801 3 5329
3337801 1 5329
3337801 1 5329
3337801 2 5329
3337801 1 5329
3337801 1 5329
3337801 1 5329
3337801 2 5329
3337801 1 5329
3337801 1 5329
3337801 1 5329
3337801 2 5329
3337801 1 5329
3337801 1 5329
3337801 2 5329
3337801 2 5329
3337801 3 5329
3337801 1 5329
3337801 1 5329
3337801 2 5329
3337801 2 5329
3337801 1 5329
3337801 2 5329
3337801 2 5329
3337801 1 5329
3337801 1 5329
3337801 1 5329
3337801 1 5329
3337801 2 5329
3337801 2 5329
3337801 1 5329
3337801 4 5329
3337801 1 5329
3337801 2 5329
3337801 2 5329
3337801 1 5329
3337801 2 5329
3337801 1 5329
3337801 1 5329
3337801 1 5329
3337801 3 5329
3337801 2 5329
3337801 2 5329
3337801 1 5329
3337801 22 5329
3337801 1 5329
3337801 1 5329
3337801 1 5329
3337801 3 5329
3337801 1 5329
3337801 3 5329
3337801 1 5329
3337801 1 5329
3337801 1 5329
3337801 5 5329
3337801 2 5329
3337801 18 5329
3337801 1 5329
3337801 1 5329
3337801 2 5329
3337801 5 5329
3337801 1 5329
3337801 3 5329
3337801 3 5329
3337801 2 5329
3337801 3 5329
3337801 6 5329
3337801 1 5329
3337801 4 5329
3337801 1 5329
3337801 1 5329
3337801 3 5329
3337801 1 5329
3337801 1 5329
3337801 1 5329
3337801 4 5329
3337801 2 5329
3337801 1 5329
3337801 1 5329
3337801 1 5329
3337801 1 5329
3337801 4 5329
3337801 1 5329
3337801 5 5329
3337801 15 5329
3337801 1 5329
3337801 2 5329
3337801 1 5329
3337801 1 5329
3337801 2 5329
3337801 2 5329
3337801 1 5329
3337801 5 5329
3337801 1 5329
3337801 1 5329
3337801 7 5329
3337801 1 5329
3337801 1 5329
3337801 1 5329
3337801 3 5329
3337801 1 5329
3337801 1 5329
3337801 1 5329
3337801 3 5329
3337801 1 5329
3337801 1 5329
3337801 1 5329
3337801 3 5329
3337801 3 5329
3337801 1 5329
3337801 2 5329
3337801 10 5329
3337801 7 5329
3337801 1 5329
3337801 1 5329
3337801 2 5329
3337801 1 5329
3337801 1 5329
3337801 1 5329
3337801 1 5329
3337801 1 5329
3337801 8 5329
3337801 3 5329
3337801 6 5329
3337801 1 5329
3337801 1 5329
3337801 1 5329
3337801 17 5329
3337801 13 5329
3337801 1 5329
3337801 1 5329
3337801 1 5329
3337801 1 5329
3337801 3 5329
3337801 67 5329
3337801 6 5329
3337801 2 5329
3337801 4 5329
3337801 2 5329
3337801 2 5329
3337801 7 5329
3337801 1 5329
3337801 2 5329
3337801 1 5329
3337801 1 5329
3337801 1 5329
3337801 1 5329
3337801 1 5329
3337801 1 5329
3337801 1 5329
3337801 3 5329
3337801 2 5329
3337801 1 5329
3337801 1 5329
3337801 1 5329
3337801 2 5329
3337801 1 5329
3337801 1 5329
3337801 1 5329
3337801 1 5329
3337801 8 5329
3337801 1 5329
3337801 1 5329
3337801 1 5329
3337801 1 5329
3337801 1 5329
3337801 1 5329
3337801 1 5329
3337801 1 5329
3337801 2 5329
3337801 1 5329
3337801 1 5329
3337801 1 5329
3337801 1 5329
3337801 2 5329
3337801 1 5329
3337801 1 5329
3337801 2 5329
3337801 2 5329
3337801 1 5329
3337801 1 5329
3337801 1 5329
3337801 1 5329
3337801 2 5329
3337801 1 5329
3337801 1 5329
3337801 3 5329
3337801 2 5329
3337801 5 5329
3337801 6 5329
3337801 1 5329
3337801 1 5329
3337801 1 5329
3337801 10 5329
3337801 3 5329
3337801 1 5329
3337801 1 5329
3337801 1 5329
3337801 3 5329
3337801 1 5329
3337801 1 5329
3337801 1 5329
3337801 1 5329
3337801 2 5329
3337801 2 5329
3337801 8 5329
3337801 2 5329
3337801 1 5329
3337801 1 5329
3337801 2 5329
3337801 1 5329
3337801 1 5329
3337801 4 5329
3337801 1 5329
3337801 1 5329
3337801 2 5329
3337801 1 5329
3337801 2 5329
3337801 1 5329
3337801 7 5329
3337801 1 5329
3337801 2 5329
3337801 1 5329
3337801 1 5329
3337801 9 5329
3337801 18 5329
3337801 2 5329
3337801 2 5329
3337801 1 5329
3337801 1 5329
3337801 12 5329
3337801 1 5329
3337801 2 5329
3337801 1 5329
3337801 1 5329
3337801 1 5329
3337801 1 5329
3337801 5 5329
3337801 1 5329
3337801 3 5329
3337801 1 5329
3337801 1 5329
3337801 71 5329
3337801 1 5329
3337801 5 5329
3337801 8 5329
3337801 1 5329
3337801 1 5329
3337801 1 5329
3337801 4 5329
3337801 1 5329
3337801 3 5329
3337801 2 5329
3337801 1 5329
3337801 1 5329
3337801 2 5329
3337801 3 5329
3337801 2 5329
3337801 1 5329
3337801 1 5329
3337801 1 5329
3337801 1 5329
3337801 1 5329
3337801 23 5329
3337801 7 5329
3337801 2 5329
3337801 2 5329
3337801 2 5329
3337801 1 5329
3337801 2 5329
3337801 1 5329
3337801 14 5329
3337801 6 5329
3337801 1 5329
3337801 45 5329
3337801 1 5329
3337801 1 5329
3337801 14 5329
3337801 2 5329
3337801 1 5329
3337801 32 5329
3337801 1 5329
3337801 7 5329
3337801 1 5329
