1468413 2 4441
1468413 2 4441
1468413 1 4441
1468413 1 4441
1468413 1 4441
1468413 1 4441
1468413 1 4441
1468413 1 4441
1468413 1 4441
1468413 3 4441
1468413 1 4441
1468413 2 4441
1468413 1 4441
1468413 1 4441
1468413 1 4441
1468413 1 4441
1468413 2 4441
1468413 2 4441
1468413 1 4441
1468413 3 4441
1468413 4 4441
1468413 1 4441
1468413 1 4441
1468413 1 4441
1468413 1 4441
1468413 1 4441
1468413 1 4441
1468413 2 4441
1468413 1 4441
1468413 1 4441
1468413 1 4441
1468413 1 4441
1468413 1 4441
1468413 1 4441
1468413 1 4441
1468413 1 4441
1468413 1 4441
1468413 1 4441
1468413 1 4441
1468413 1 4441
1468413 1 4441
1468413 1 4441
1468413 3 4441
1468413 1 4441
1468413 2 4441
1468413 1 4441
1468413 2 4441
1468413 1 4441
1468413 1 4441
1468413 1 4441
1468413 1 4441
1468413 3 4441
1468413 1 4441
1468413 1 4441
1468413 2 4441
1468413 1 4441
1468413 2 4441
1468413 1 4441
1468413 1 4441
1468413 1 4441
1468413 1 4441
1468413 1 4441
1468413 1 4441
1468413 1 4441
1468413 3 4441
1468413 1 4441
1468413 1 4441
1468413 1 4441
1468413 1 4441
1468413 1 4441
1468413 1 4441
1468413 1 4441
3632172 1 4330
1468413 1 4441
1468413 2 4441
1468413 3 4441
1468413 23 4441
1468413 1 4441
1468413 3 4441
1468413 5 4441
1468413 1 4441
1468413 4 4441
1468413 1 4441
1468413 1 4441
1468413 2 4441
1468413 1 4441
1468413 1 4441
1468413 1 4441
1468413 1 4441
1468413 2 4441
1468413 6 4441
1468413 14 4441
1468413 3 4441
1468413 1 4441
1468413 1 4441
1468413 1 4441
1468413 1 4441
1468413 1 4441
1468413 2 4441
1468413 1 4441
1468413 2 4441
1468413 1 4441
1468413 1 4441
1468413 1 4441
1468413 2 4441
1468413 1 4441
1468413 2 4441
1468413 5 4441
1468413 1 4441
1468413 1 4441
1468413 2 4441
1468413 1 4441
1468413 1 4441
1468413 1 4441
1468413 1 4441
1468413 1 4441
1468413 2 4441
1468413 1 4441
1468413 1 4441
1468413 1 4441
1468413 1 4441
1468413 1 4441
1468413 1 4441
1468413 1 4441
1468413 1 4441
1468413 2 4441
1468413 2 4441
1468413 1 4441
1468413 2 4441
1468413 1 4441
1468413 1 4441
1468413 1 4441
1468413 1 4441
1468413 3 4441
1468413 1 4441
1468413 1 4441
1468413 4 4441
1468413 1 4441
1468413 2 4441
1468413 1 4441
1468413 1 4441
1468413 1 4441
1468413 2 4441
1468413 4 4441
1468413 1 4441
1468413 4 4441
1468413 7 4441
1468413 2 4441
1468413 1 4441
1468413 1 4441
1468413 4 4441
1468413 1 4441
1468413 1 4441
1468413 1 4441
1468413 1 4441
1468413 1 4441
1468413 1 4441
1468413 1 4441
1468413 1 4441
1468413 1 4441
1468413 1 4441
1468413 1 4441
1468413 1 4441
1468413 1 4441
1468413 2 4441
1468413 3 4441
1468413 2 4441
1468413 1 4441
1468413 1 4441
1468413 8 4441
1468413 1 4441
1468413 1 4441
1468413 1 4441
1468413 1 4441
1468413 1 4441
1468413 2 4441
1468413 1 4441
1468413 1 4441
1468413 1 4441
1468413 2 4441
1468413 1 4441
1468413 1 4441
1468413 2 4441
1468413 1 4441
1468413 1 4441
1468413 2 4441
1468413 1 4441
1468413 1 4441
1468413 1 4441
1468413 1 4441
1468413 1 4441
1468413 1 4441
1468413 1 4441
1468413 1 4441
1468413 1 4441
1468413 1 4441
1468413 1 4441
1468413 1 4441
1468413 1 4441
1468413 1 4441
1468413 2 4441
1468413 3 4441
1468413 1 4441
1468413 3 4441
1468413 1 4441
1468413 1 4441
1468413 1 4441
1468413 1 4441
1468413 2 4441
1468413 1 4441
1468413 1 4441
1468413 1 4441
1468413 1 4441
1468413 2 4441
1468413 2 4441
1468413 1 4441
1468413 1 4441
1468413 1 4441
1468413 1 4441
1468413 2 4441
1468413 1 4441
1468413 1 4441
1468413 6 4441
1468413 2 4441
1468413 1 4441
1468413 1 4441
1468413 4 4441
1468413 1 4441
1468413 1 4441
1468413 2 4441
1468413 2 4441
1468413 1 4441
1468413 1 4441
1468413 1 4441
1468413 6 4441
1468413 1 4441
1468413 1 4441
1468413 1 4441
1468413 1 4441
1468413 1 4441
1468413 1 4441
1468413 1 4441
1468413 1 4441
1468413 1 4441
1468413 1 4441
1468413 2 4441
1468413 2 4441
1468413 1 4441
1468413 1 4441
1468413 1 4441
1468413 2 4441
1468413 1 4441
1468413 1 4441
1468413 1 4441
1468413 1 4441
1468413 1 4441
1468413 1 4441
1468413 1 4441
1468413 1 4441
1468413 1 4441
1468413 2 4441
1468413 1 4441
1468413 1 4441
1468413 3 4441
1468413 1 4441
1468413 1 4441
1468413 1 4441
1468413 2 4441
1468413 7 4441
1468413 1 4441
1468413 1 4441
1468413 1 4441
1468413 2 4441
1468413 1 4441
1468413 1 4441
1468413 1 4441
1468413 2 4441
1468413 1 4441
1468413 2 4441
1468413 1 4441
1468413 1 4441
1468413 4 4441
1468413 1 4441
1468413 2 4441
1468413 1 4441
1468413 2 4441
1468413 1 4441
1468413 3 4441
1468413 1 4441
1468413 1 4441
1468413 1 4441
1468413 1 4441
1468413 3 4441
1468413 1 4441
1468413 4 4441
1468413 1 4441
1468413 1 4441
1468413 1 4441
1468413 1 4441
1468413 6 4441
1468413 1 4441
1468413 10 4441
1468413 1 4441
1468413 1 4441
1468413 2 4441
1468413 2 4441
1468413 8 4441
1468413 2 4441
1468413 3 4441
1468413 1 4441
1468413 3 4441
1468413 1 4441
1468413 1 4441
1468413 1 4441
1468413 2 4441
1468413 4 4441
1468413 1 4441
1468413 2 4441
1468413 5 4441
1468413 2 4441
1468413 1 4441
1468413 11 4441
1468413 4 4441
1468413 1 4441
1468413 1 4441
1468413 1 4441
1468413 1 4441
1468413 1 4441
1468413 1 4441
1468413 1 4441
1468413 2 4441
1468413 4 4441
1468413 1 4441
1468413 2 4441
1468413 2 4441
1468413 1 4441
1468413 1 4441
1468413 1 4441
1468413 1 4441
1468413 1 4441
1468413 3 4441
1468413 6 4441
1468413 1 4441
1468413 1 4441
1468413 1 4441
1468413 1 4441
1468413 1 4441
1468413 5 4441
1468413 2 4441
1468413 1 4441
1468413 1 4441
1468413 2 4441
1468413 1 4441
1468413 1 4441
1468413 1 4441
1468413 3 4441
1468413 1 4441
1468413 5 4441
1468413 1 4441
1468413 1 4441
1468413 1 4441
1468413 4 4441
1468413 1 4441
1468413 1 4441
1468413 3 4441
1468413 1 4441
1468413 1 4441
1468413 1 4441
1468413 1 4441
1468413 5 4441
1468413 15 4441
1468413 2 4441
1468413 2 4441
1468413 3 4441
1468413 3 4441
1468413 3 4441
1468413 1 4441
1468413 1 4441
1468413 2 4441
1468413 1 4441
1468413 1 4441
1468413 1 4441
1468413 1 4441
1468413 1 4441
1468413 1 4441
1468413 1 4441
1468413 1 4441
1468413 2 4441
1468413 2 4441
1468413 1 4441
1468413 1 4441
1468413 1 4441
1468413 3 4441
1468413 1 4441
1468413 1 4441
1468413 3 4441
1468413 1 4441
1468413 8 4441
1468413 1 4441
1468413 1 4441
1468413 1 4441
1468413 3 4441
1468413 1 4441
1468413 1 4441
1468413 4 4441
1468413 2 4441
1468413 1 4441
1468413 1 4441
1468413 1 4441
1468413 2 4441
1468413 1 4441
1468413 1 4441
1468413 1 4441
1468413 2 4441
1468413 21 4441
1468413 13 4441
1468413 3 4441
1468413 1 4441
1468413 2 4441
1468413 1 4441
1468413 1 4441
1468413 2 4441
1468413 1 4441
1468413 2 4441
1468413 1 4441
1468413 2 4441
1468413 2 4441
1468413 11 4441
1468413 1 4441
1468413 1 4441
1468413 1 4441
1468413 1 4441
1468413 2 4441
1468413 1 4441
1468413 1 4441
1468413 2 4441
1468413 16 4441
1468413 1 4441
1468413 2 4441
1468413 1 4441
1468413 3 4441
1468413 1 4441
1468413 1 4441
1468413 1 4441
1468413 1 4441
1468413 1 4441
1468413 2 4441
1468413 1 4441
1468413 1 4441
1468413 1 4441
1468413 3 4441
1468413 3 4441
1468413 2 4441
1468413 2 4441
1468413 1 4441
1468413 3 4441
1468413 1 4441
1468413 1 4441
1468413 2 4441
1468413 4 4441
1468413 1 4441
1468413 1 4441
1468413 3 4441
1468413 1 4441
1468413 1 4441
1468413 3 4441
1468413 1 4441
1468413 2 4441
1468413 1 4441
1468413 1 4441
1468413 1 4441
1468413 1 4441
1468413 1 4441
1468413 1 4441
1468413 1 4441
1468413 1 4441
1468413 1 4441
1468413 1 4441
1468413 2 4441
1468413 3 4441
1468413 1 4441
1468413 1 4441
1468413 1 4441
1468413 1 4441
1468413 2 4441
1468413 1 4441
1468413 1 4441
1468413 1 4441
1468413 1 4441
1468413 1 4441
1468413 19 4441
1468413 3 4441
1468413 1 4441
1468413 1 4441
1468413 1 4441
1468413 1 4441
1468413 5 4441
1468413 9 4441
1468413 1 4441
1468413 1 4441
1468413 1 4441
1468413 2 4441
1468413 1 4441
1468413 2 4441
1468413 2 4441
1468413 1 4441
1468413 1 4441
1468413 1 4441
1468413 1 4441
1468413 2 4441
1468413 2 4441
1468413 1 4441
1468413 14 4441
1468413 1 4441
1468413 3 4441
1468413 2 4441
1468413 1 4441
1468413 1 4441
1468413 1 4441
1468413 1 4441
1468413 3 4441
1468413 1 4441
1468413 1 4441
1468413 1 4441
1468413 1 4441
1468413 1 4441
1468413 1 4441
1468413 1 4441
1468413 1 4441
1468413 2 4441
1468413 2 4441
1468413 1 4441
1468413 1 4441
1468413 1 4441
1468413 1 4441
1468413 1 4441
1468413 3 4441
1468413 3 4441
1468413 1 4441
