3461630 2 5662
3461630 4 5662
3461630 1 5662
3461630 1 5662
3461630 2 5662
3461630 2 5662
3461630 1 5662
3461630 1 5662
3461630 1 5662
3461630 2 5662
3461630 1 5662
3461630 2 5662
3461630 2 5662
3461630 1 5662
3461630 1 5662
3461630 1 5662
3461630 2 5662
3461630 1 5662
3461630 1 5662
3461630 3 5662
3461630 1 5662
3461630 1 5662
3461630 1 5662
3461630 1 5662
3461630 2 5662
3461630 1 5662
3461630 1 5662
3461630 1 5662
3461630 1 5662
3461630 1 5662
3461630 1 5662
3461630 1 5662
3461630 1 5662
3461630 3 5662
3461630 1 5662
3461630 1 5662
3461630 1 5662
3461630 1 5662
3461630 1 5662
3461630 1 5662
3461630 1 5662
3461630 1 5662
3461630 1 5662
3420498 1 5551
3461630 1 5662
3461630 1 5662
3461630 4 5662
3461630 1 5662
3461630 1 5662
3461630 1 5662
3461630 1 5662
3461630 2 5662
3461630 1 5662
3461630 2 5662
3461630 1 5662
3461630 2 5662
3461630 1 5662
3461630 1 5662
3461630 1 5662
3461630 1 5662
3461630 4 5662
3461630 1 5662
3461630 1 5662
3461630 5 5662
3461630 3 5662
3461630 1 5662
3461630 3 5662
3461630 1 5662
3461630 1 5662
3461630 4 5662
3461630 5 5662
3461630 11 5662
3461630 2 5662
3461630 1 5662
3461630 1 5662
3461630 1 5662
3461630 1 5662
3461630 2 5662
3461630 1 5662
3461630 3 5662
3461630 10 5662
3461630 1 5662
3461630 1 5662
3461630 1 5662
3461630 1 5662
3461630 1 5662
3461630 1 5662
3461630 1 5662
3461630 1 5662
3461630 1 5662
3461630 1 5662
3461630 1 5662
3461630 1 5662
3461630 3 5662
3461630 1 5662
3461630 1 5662
3461630 1 5662
3461630 1 5662
3461630 1 5662
3461630 2 5662
3461630 1 5662
3461630 1 5662
3461630 6 5662
3461630 1 5662
3461630 2 5662
3461630 1 5662
3461630 1 5662
3461630 1 5662
3461630 3 5662
3461630 1 5662
3461630 1 5662
3461630 1 5662
3461630 1 5662
3461630 1 5662
3461630 1 5662
3461630 1 5662
3461630 2 5662
3461630 1 5662
3461630 1 5662
3461630 2 5662
3461630 1 5662
3461630 1 5662
3461630 1 5662
3461630 1 5662
3461630 3 5662
3461630 2 5662
3461630 2 5662
3461630 1 5662
3461630 1 5662
3461630 1 5662
3461630 1 5662
3461630 1 5662
3461630 30 5662
3461630 1 5662
3461630 1 5662
3461630 2 5662
3461630 2 5662
3461630 1 5662
3461630 1 5662
3461630 2 5662
3461630 1 5662
3461630 1 5662
3461630 1 5662
3461630 2 5662
3461630 4 5662
3461630 1 5662
3461630 1 5662
3461630 1 5662
3461630 1 5662
3461630 1 5662
3461630 1 5662
3461630 7 5662
3461630 1 5662
3461630 5 5662
3461630 1 5662
3461630 1 5662
3461630 1 5662
3461630 2 5662
3461630 1 5662
3461630 1 5662
3461630 1 5662
3461630 1 5662
3461630 1 5662
3461630 1 5662
3461630 4 5662
3461630 1 5662
3461630 4 5662
3461630 1 5662
3461630 2 5662
3461630 1 5662
3461630 1 5662
3461630 1 5662
3461630 1 5662
3461630 1 5662
3461630 1 5662
3461630 1 5662
3461630 1 5662
3461630 1 5662
3461630 1 5662
3461630 2 5662
3461630 1 5662
3461630 1 5662
3461630 1 5662
3461630 2 5662
3461630 3 5662
3461630 1 5662
3461630 1 5662
3461630 1 5662
3461630 3 5662
3461630 1 5662
3461630 1 5662
3461630 1 5662
3461630 2 5662
3461630 3 5662
3461630 3 5662
3461630 1 5662
3461630 1 5662
3461630 1 5662
3461630 13 5662
3461630 1 5662
3461630 1 5662
3461630 2 5662
3461630 2 5662
3461630 1 5662
3461630 2 5662
3461630 2 5662
3461630 1 5662
3461630 2 5662
3461630 1 5662
3461630 1 5662
3461630 7 5662
3461630 1 5662
3461630 2 5662
3461630 1 5662
3461630 1 5662
3461630 2 5662
3461630 1 5662
3461630 2 5662
3461630 5 5662
3461630 2 5662
3461630 1 5662
3461630 1 5662
3461630 1 5662
3461630 1 5662
3461630 1 5662
3461630 2 5662
3461630 1 5662
3461630 3 5662
3461630 1 5662
3461630 3 5662
3461630 1 5662
3461630 1 5662
3461630 1 5662
3461630 2 5662
3461630 1 5662
3461630 1 5662
3461630 1 5662
3461630 3 5662
3461630 1 5662
3461630 2 5662
3461630 1 5662
3461630 1 5662
3461630 4 5662
3461630 1 5662
3461630 1 5662
3461630 3 5662
3461630 1 5662
3461630 3 5662
3461630 1 5662
3461630 10 5662
3461630 1 5662
3461630 1 5662
3461630 1 5662
3461630 2 5662
3461630 1 5662
3461630 1 5662
3461630 1 5662
3461630 1 5662
3461630 1 5662
3461630 1 5662
3461630 1 5662
3461630 1 5662
3461630 5 5662
3461630 1 5662
3461630 1 5662
3461630 1 5662
3461630 1 5662
3461630 1 5662
3461630 5 5662
3461630 1 5662
3461630 1 5662
3461630 2 5662
3461630 7 5662
3461630 2 5662
3461630 1 5662
3461630 1 5662
3461630 1 5662
3461630 1 5662
3461630 1 5662
3461630 2 5662
3461630 1 5662
3461630 6 5662
3461630 4 5662
3461630 2 5662
3461630 1 5662
