1891278 4 4663
1891278 1 4663
1891278 1 4663
1891278 16 4663
1891278 12 4663
1891278 1 4663
1891278 6 4663
1891278 1 4663
1891278 3 4663
1891278 2 4663
1891278 2 4663
1891278 1 4663
1891278 2 4663
1891278 1 4663
1891278 1 4663
1891278 1 4663
1891278 2 4663
1891278 1 4663
1891278 8 4663
1891278 1 4663
1891278 1 4663
1891278 1 4663
1891278 1 4663
1891278 1 4663
1891278 2 4663
1891278 1 4663
1891278 2 4663
1891278 1 4663
1891278 1 4663
1891278 1 4663
1891278 2 4663
1891278 5 4663
1891278 7 4663
1891278 2 4663
1891278 1 4663
1891278 1 4663
1891278 1 4663
1891278 2 4663
1891278 1 4663
1891278 2 4663
1891278 2 4663
1891278 3 4663
1891278 1 4663
1891278 1 4663
1891278 4 4663
1891278 3 4663
1891278 1 4663
1891278 1 4663
1891278 2 4663
1891278 2 4663
1891278 1 4663
1891278 2 4663
1891278 1 4663
1891278 2 4663
1891278 1 4663
1891278 2 4663
1891278 2 4663
1891278 2 4663
1891278 1 4663
1891278 1 4663
1891278 1 4663
1891278 1 4663
1891278 2 4663
1891278 1 4663
1891278 1 4663
1891278 7 4663
1891278 1 4663
1891278 4 4663
1891278 1 4663
1891278 1 4663
1891278 1 4663
1891278 3 4663
1891278 2 4663
1891278 1 4663
1891278 7 4663
1891278 1 4663
1891278 1 4663
1891278 1 4663
1853078 1 4552
1891278 1 4663
1891278 1 4663
1891278 1 4663
1891278 1 4663
1891278 1 4663
1891278 26 4663
1891278 1 4663
1891278 1 4663
1891278 1 4663
1891278 1 4663
1891278 1 4663
1891278 1 4663
1891278 17 4663
1891278 1 4663
1891278 3 4663
1891278 4 4663
1891278 2 4663
1891278 1 4663
1891278 1 4663
1891278 1 4663
1891278 1 4663
1891278 1 4663
1891278 1 4663
1891278 1 4663
1891278 1 4663
1891278 5 4663
1891278 32 4663
1891278 1 4663
1891278 1 4663
1891278 1 4663
1891278 1 4663
1891278 1 4663
1891278 1 4663
1891278 4 4663
1891278 2 4663
1891278 1 4663
1891278 1 4663
1891278 1 4663
1891278 1 4663
1891278 1 4663
1891278 1 4663
1891278 1 4663
1891278 2 4663
1891278 1 4663
1891278 1 4663
1891278 2 4663
1891278 2 4663
1891278 1 4663
1891278 1 4663
1891278 9 4663
1891278 2 4663
1891278 1 4663
1891278 1 4663
1891278 1 4663
1891278 1 4663
1891278 3 4663
1891278 8 4663
1891278 9 4663
1891278 2 4663
1891278 1 4663
1891278 5 4663
1891278 1 4663
1891278 3 4663
1891278 1 4663
1891278 1 4663
1891278 5 4663
1891278 1 4663
1891278 8 4663
1891278 1 4663
1891278 1 4663
1891278 1 4663
1891278 1 4663
1891278 1 4663
1891278 1 4663
1891278 1 4663
1891278 1 4663
1891278 1 4663
1891278 1 4663
1891278 2 4663
1891278 1 4663
1891278 2 4663
1891278 1 4663
1891278 1 4663
1891278 2 4663
1891278 1 4663
1891278 1 4663
1891278 1 4663
1891278 1 4663
1891278 2 4663
1891278 1 4663
1891278 2 4663
1891278 3 4663
1891278 1 4663
1891278 2 4663
1891278 1 4663
1891278 2 4663
1891278 1 4663
1891278 1 4663
1891278 9 4663
1891278 2 4663
1891278 7 4663
1891278 1 4663
1891278 1 4663
1891278 13 4663
1891278 1 4663
1891278 1 4663
1891278 3 4663
1891278 1 4663
1891278 1 4663
1891278 4 4663
1891278 2 4663
1891278 2 4663
1891278 1 4663
1891278 1 4663
1891278 1 4663
1891278 1 4663
1891278 3 4663
1891278 1 4663
1891278 1 4663
1891278 1 4663
1891278 1 4663
1891278 1 4663
1891278 3 4663
1891278 1 4663
1891278 6 4663
1891278 1 4663
1891278 1 4663
1891278 1 4663
1891278 1 4663
1891278 1 4663
1891278 1 4663
1891278 8 4663
1891278 1 4663
1891278 1 4663
1891278 1 4663
1891278 1 4663
1891278 1 4663
1891278 10 4663
1891278 1 4663
1891278 1 4663
1891278 1 4663
1891278 1 4663
1891278 1 4663
1891278 1 4663
1891278 3 4663
1891278 2 4663
1891278 3 4663
1891278 16 4663
1891278 8 4663
1891278 1 4663
1891278 2 4663
1891278 1 4663
1891278 1 4663
1891278 1 4663
1891278 5 4663
1891278 4 4663
1891278 4 4663
1891278 2 4663
1891278 1 4663
1891278 1 4663
1891278 4 4663
1891278 1 4663
1891278 1 4663
1891278 1 4663
1891278 1 4663
1891278 2 4663
1891278 1 4663
1891278 1 4663
1891278 1 4663
1891278 5 4663
1891278 1 4663
1891278 5 4663
1891278 2 4663
1891278 15 4663
1891278 1 4663
1891278 1 4663
1891278 1 4663
1891278 1 4663
1891278 2 4663
1891278 1 4663
1891278 4 4663
1891278 1 4663
1891278 1 4663
1891278 2 4663
1891278 1 4663
1891278 11 4663
1891278 16 4663
1891278 3 4663
1891278 4 4663
1891278 1 4663
1891278 6 4663
1891278 1 4663
1891278 1 4663
1891278 3 4663
1891278 3 4663
1891278 15 4663
1891278 50 4663
1891278 13 4663
1891278 2 4663
1891278 14 4663
1891278 6 4663
1891278 1 4663
1891278 1 4663
1891278 1 4663
1891278 1 4663
1891278 8 4663
1891278 3 4663
1891278 1 4663
1891278 3 4663
1891278 1 4663
1891278 1 4663
1891278 1 4663
1891278 1 4663
1891278 1 4663
1891278 1 4663
1891278 4 4663
1891278 19 4663
1891278 1 4663
1891278 1 4663
1891278 2 4663
1891278 9 4663
1891278 2 4663
1891278 7 4663
1891278 2 4663
1891278 1 4663
1891278 4 4663
1891278 8 4663
1891278 3 4663
1891278 1 4663
1891278 3 4663
1891278 1 4663
1891278 1 4663
1891278 3 4663
1891278 2 4663
1891278 1 4663
1891278 55 4663
1891278 130 4663
1891278 66 4663
1891278 1 4663
1891278 1 4663
1891278 1 4663
1891278 1 4663
1891278 1 4663
1891278 2 4663
1891278 3 4663
1891278 3 4663
1891278 2 4663
1891278 1 4663
1891278 4 4663
1891278 2 4663
1891278 26 4663
1891278 2 4663
1891278 3 4663
1891278 1 4663
1891278 6 4663
1891278 1 4663
1891278 8 4663
1891278 1 4663
1891278 4 4663
1891278 3 4663
1891278 1 4663
1891278 1 4663
1891278 1 4663
1891278 4 4663
1891278 2 4663
1891278 1 4663
1891278 6 4663
1891278 2 4663
1891278 2 4663
1891278 7 4663
1891278 2 4663
1891278 1 4663
1891278 1 4663
1891278 1 4663
1891278 1 4663
1891278 7 4663
1891278 1 4663
1891278 5 4663
1891278 2 4663
1891278 1 4663
1891278 7 4663
1891278 1 4663
1891278 2 4663
1891278 3 4663
1891278 3 4663
1891278 2 4663
1891278 1 4663
1891278 2 4663
1891278 1 4663
1891278 1 4663
1891278 4 4663
1891278 1 4663
1891278 1 4663
1891278 4 4663
1891278 1 4663
1891278 2 4663
1891278 1 4663
1891278 1 4663
1891278 4 4663
1891278 2 4663
1891278 9 4663
1891278 11 4663
1891278 3 4663
1891278 2 4663
1891278 1 4663
1891278 1 4663
1891278 2 4663
1891278 4 4663
1891278 4 4663
1891278 1 4663
1891278 1 4663
1891278 10 4663
1891278 1 4663
1891278 2 4663
1891278 4 4663
1891278 2 4663
1891278 1 4663
1891278 1 4663
1891278 2 4663
1891278 1 4663
1891278 3 4663
1891278 3 4663
1891278 1 4663
1891278 4 4663
1891278 3 4663
1891278 1 4663
1891278 2 4663
1891278 1 4663
1891278 1 4663
1891278 3 4663
1891278 1 4663
1891278 1 4663
1891278 3 4663
1891278 1 4663
1891278 3 4663
1891278 5 4663
1891278 7 4663
1891278 1 4663
1891278 1 4663
1891278 1 4663
1891278 1 4663
1891278 4 4663
1891278 7 4663
1891278 1 4663
1891278 1 4663
1891278 4 4663
1891278 12 4663
1891278 1 4663
1891278 4 4663
1891278 1 4663
1891278 4 4663
1891278 1 4663
1891278 1 4663
1891278 1 4663
1891278 1 4663
1891278 1 4663
1891278 3 4663
1891278 1 4663
1891278 1 4663
1891278 1 4663
1891278 1 4663
1891278 5 4663
1891278 2 4663
1891278 5 4663
1891278 3 4663
1891278 1 4663
1891278 1 4663
1891278 1 4663
1891278 1 4663
1891278 3 4663
1891278 4 4663
1891278 1 4663
1891278 3 4663
1891278 3 4663
1891278 3 4663
1891278 1 4663
1891278 1 4663
1891278 1 4663
1891278 1 4663
1891278 10 4663
1891278 2 4663
1891278 1 4663
1891278 1 4663
1891278 1 4663
1891278 1 4663
1891278 1 4663
1891278 1 4663
1891278 1 4663
1891278 3 4663
1891278 1 4663
1891278 1 4663
1891278 1 4663
1891278 1 4663
1891278 4 4663
1891278 3 4663
1891278 3 4663
1891278 1 4663
1891278 1 4663
1891278 1 4663
1891278 1 4663
1891278 1 4663
1891278 1 4663
1891278 1 4663
1891278 2 4663
1891278 1 4663
1891278 2 4663
1891278 1 4663
1891278 1 4663
1891278 3 4663
1891278 5 4663
1891278 1 4663
1891278 65 4663
1891278 1 4663
1891278 1 4663
1891278 1 4663
1891278 3 4663
1891278 3 4663
1891278 6 4663
1891278 1 4663
1891278 1 4663
1891278 2 4663
1891278 8 4663
1891278 2 4663
1891278 9 4663
1891278 1 4663
1891278 1 4663
1891278 1 4663
1891278 3 4663
1891278 1 4663
1891278 5 4663
1891278 1 4663
1891278 20 4663
1891278 1 4663
1891278 6 4663
1891278 1 4663
1891278 30 4663
1891278 1 4663
1891278 3 4663
1891278 2 4663
1891278 2 4663
1891278 24 4663
1891278 4 4663
1891278 1 4663
1891278 2 4663
1891278 1 4663
1891278 1 4663
1891278 1 4663
1891278 1 4663
1891278 1 4663
1891278 4 4663
1891278 1 4663
1891278 1 4663
1891278 5 4663
1891278 4 4663
1891278 4 4663
1891278 11 4663
1891278 1 4663
1891278 1 4663
1891278 1 4663
1891278 1 4663
1891278 1 4663
1891278 16 4663
1891278 1 4663
1891278 2 4663
1891278 1 4663
1891278 5 4663
1891278 1 4663
1891278 4 4663
1891278 1 4663
1891278 1 4663
1891278 4 4663
1891278 1 4663
1891278 5 4663
1891278 1 4663
1891278 1 4663
1891278 1 4663
1891278 3 4663
1891278 5 4663
1891278 4 4663
1891278 1 4663
1891278 1 4663
1891278 1 4663
1891278 7 4663
1891278 13 4663
1891278 1 4663
1891278 1 4663
1891278 1 4663
1891278 1 4663
1891278 1 4663
1891278 17 4663
1891278 1 4663
1891278 1 4663
1891278 5 4663
1891278 1 4663
1891278 11 4663
1891278 1 4663
1891278 4 4663
1891278 3 4663
1891278 1 4663
1891278 1 4663
1891278 1 4663
1891278 2 4663
1891278 1 4663
1891278 1 4663
1891278 1 4663
1891278 1 4663
1891278 1 4663
1891278 1 4663
1891278 1 4663
1891278 1 4663
1891278 2 4663
1891278 1 4663
1891278 1 4663
1891278 1 4663
1891278 1 4663
1891278 2 4663
1891278 1 4663
1891278 1 4663
1891278 1 4663
1891278 3 4663
1891278 1 4663
1891278 1 4663
1891278 1 4663
1891278 3 4663
1891278 1 4663
1891278 1 4663
1891278 3 4663
1891278 5 4663
1891278 4 4663
1891278 1 4663
1891278 1 4663
1891278 1 4663
1891278 2 4663
1891278 1 4663
1891278 3 4663
1891278 2 4663
1891278 3 4663
1891278 1 4663
1891278 1 4663
1891278 1 4663
1891278 1 4663
1891278 1 4663
1891278 1 4663
1891278 5 4663
1891278 3 4663
1891278 1 4663
1891278 4 4663
1891278 1 4663
1891278 3 4663
1891278 1 4663
1891278 2 4663
1891278 1 4663
1891278 2 4663
1891278 8 4663
1891278 1 4663
1891278 1 4663
1891278 1 4663
1891278 3 4663
1891278 13 4663
1891278 2 4663
1891278 1 4663
1891278 2 4663
1891278 2 4663
1891278 1 4663
1891278 2 4663
1891278 20 4663
1891278 4 4663
1891278 2 4663
1891278 2 4663
1891278 1 4663
1891278 2 4663
1891278 3 4663
1891278 1 4663
1891278 1 4663
1891278 2 4663
1891278 3 4663
1891278 2 4663
1891278 1 4663
1891278 1 4663
1891278 1 4663
1891278 1 4663
1891278 1 4663
1891278 2 4663
1891278 3 4663
1891278 2 4663
1891278 1 4663
1891278 1 4663
1891278 3 4663
1891278 7 4663
1891278 1 4663
1891278 1 4663
1891278 1 4663
1891278 5 4663
1891278 12 4663
1891278 8 4663
1891278 3 4663
1891278 3 4663
1891278 8 4663
1891278 1 4663
1891278 1 4663
1891278 1 4663
1891278 1 4663
1891278 1 4663
1891278 21 4663
1891278 3 4663
1891278 14 4663
1891278 1 4663
1891278 3 4663
1891278 3 4663
1891278 3 4663
1891278 3 4663
1891278 3 4663
1891278 2 4663
1891278 1 4663
1891278 3 4663
1891278 1 4663
1891278 1 4663
1891278 1 4663
1891278 1 4663
1891278 2 4663
1891278 2 4663
1891278 1 4663
1891278 1 4663
1891278 1 4663
1891278 4 4663
1891278 10 4663
1891278 9 4663
1891278 2 4663
1891278 3 4663
1891278 5 4663
1891278 18 4663
1891278 1 4663
1891278 1 4663
1891278 1 4663
1891278 3 4663
1891278 2 4663
1891278 1 4663
1891278 1 4663
1891278 3 4663
1891278 1 4663
1891278 10 4663
1891278 3 4663
1891278 2 4663
1891278 5 4663
1891278 2 4663
1891278 4 4663
1891278 1 4663
1891278 3 4663
1891278 1 4663
1891278 5 4663
1891278 12 4663
1891278 1 4663
1891278 1 4663
1891278 4 4663
1891278 1 4663
1891278 1 4663
1891278 3 4663
1891278 5 4663
1891278 1 4663
1891278 1 4663
1891278 4 4663
1891278 1 4663
1891278 1 4663
1891278 1 4663
1891278 4 4663
1891278 2 4663
1891278 11 4663
1891278 1 4663
1891278 1 4663
1891278 1 4663
1891278 1 4663
1891278 1 4663
1891278 3 4663
1891278 1 4663
1891278 1 4663
1891278 1 4663
1891278 1 4663
1891278 1 4663
1891278 1 4663
1891278 1 4663
1891278 1 4663
1891278 4 4663
1891278 4 4663
1891278 6 4663
1891278 4 4663
1891278 1 4663
1891278 1 4663
1891278 4 4663
1891278 1 4663
1891278 2 4663
1891278 3 4663
1891278 3 4663
1891278 5 4663
1891278 1 4663
1891278 1 4663
1891278 2 4663
1891278 1 4663
1891278 4 4663
1891278 3 4663
1891278 1 4663
1891278 1 4663
1891278 4 4663
1891278 1 4663
1891278 1 4663
1891278 2 4663
1891278 1 4663
1891278 2 4663
1891278 1 4663
1891278 1 4663
1891278 1 4663
1891278 2 4663
1891278 2 4663
1891278 1 4663
1891278 2 4663
1891278 83 4663
1891278 2 4663
1891278 8 4663
1891278 1 4663
1891278 1 4663
1891278 1 4663
1891278 1 4663
1891278 1 4663
1891278 1 4663
1891278 3 4663
1891278 1 4663
1891278 1 4663
1891278 1 4663
1891278 1 4663
1891278 1 4663
1891278 1 4663
1891278 3 4663
1891278 7 4663
1891278 1 4663
1891278 2 4663
1891278 1 4663
1891278 1 4663
1891278 1 4663
1891278 1 4663
1891278 1 4663
1891278 2 4663
1891278 3 4663
1891278 2 4663
1891278 1 4663
1891278 1 4663
1891278 11 4663
1891278 2 4663
1891278 5 4663
1891278 4 4663
1891278 7 4663
1891278 1 4663
1891278 38 4663
1891278 15 4663
1891278 32 4663
1891278 1 4663
1891278 2 4663
1891278 4 4663
1891278 15 4663
1891278 6 4663
1891278 4 4663
1891278 1 4663
1891278 1 4663
1891278 1 4663
1891278 1 4663
1891278 2 4663
1891278 1 4663
1891278 2 4663
1891278 3 4663
1891278 1 4663
1891278 1 4663
1891278 1 4663
1891278 2 4663
1891278 3 4663
1891278 1 4663
1891278 1 4663
1891278 3 4663
1891278 1 4663
1891278 11 4663
1891278 1 4663
1891278 1 4663
1891278 6 4663
1891278 3 4663
1891278 8 4663
1891278 1 4663
1891278 1 4663
1891278 2 4663
1891278 1 4663
1891278 2 4663
1891278 1 4663
1891278 1 4663
1891278 1 4663
1891278 1 4663
1891278 3 4663
1891278 7 4663
1891278 1 4663
1891278 5 4663
1891278 1 4663
1891278 3 4663
1891278 2 4663
1891278 1 4663
1891278 1 4663
1891278 1 4663
1891278 1 4663
1891278 1 4663
1891278 1 4663
1891278 5 4663
1891278 2 4663
1891278 1 4663
1891278 1 4663
1891278 1 4663
1891278 1 4663
1891278 1 4663
1891278 3 4663
1891278 1 4663
1891278 4 4663
1891278 17 4663
1891278 2 4663
1891278 1 4663
1891278 6 4663
1891278 1 4663
1891278 1 4663
1891278 2 4663
1891278 1 4663
1891278 1 4663
1891278 1 4663
1891278 2 4663
1891278 1 4663
1891278 1 4663
1891278 1 4663
1891278 2 4663
1891278 1 4663
1891278 7 4663
1891278 4 4663
1891278 1 4663
1891278 4 4663
1891278 2 4663
1891278 1 4663
1891278 7 4663
1891278 2 4663
1891278 1 4663
1891278 1 4663
1891278 2 4663
1891278 2 4663
1891278 5 4663
1891278 1 4663
1891278 6 4663
1891278 1 4663
1891278 7 4663
1891278 2 4663
1891278 1 4663
1891278 1 4663
1891278 2 4663
1891278 1 4663
1891278 1 4663
1891278 1 4663
1891278 1 4663
1891278 1 4663
1891278 1 4663
1891278 1 4663
1891278 2 4663
1891278 1 4663
1891278 1 4663
1891278 1 4663
1891278 2 4663
1891278 1 4663
1891278 3 4663
1891278 3 4663
1891278 2 4663
1891278 1 4663
1891278 1 4663
1891278 1 4663
1891278 1 4663
1891278 1 4663
1891278 1 4663
1891278 2 4663
1891278 1 4663
1891278 1 4663
1891278 1 4663
1891278 1 4663
1891278 1 4663
1891278 1 4663
1891278 3 4663
1891278 1 4663
1891278 1 4663
1891278 2 4663
1891278 3 4663
1891278 4 4663
1891278 16 4663
1891278 2 4663
1891278 1 4663
1891278 1 4663
1891278 2 4663
1891278 1 4663
1891278 2 4663
1891278 1 4663
1891278 3 4663
1891278 6 4663
1891278 8 4663
1891278 1 4663
1891278 3 4663
1891278 23 4663
1891278 7 4663
1891278 2 4663
1891278 6 4663
1891278 4 4663
1891278 1 4663
1891278 13 4663
1891278 1 4663
1891278 3 4663
1891278 3 4663
1891278 2 4663
1891278 2 4663
1891278 1 4663
1891278 1 4663
1891278 6 4663
1891278 1 4663
1891278 2 4663
1891278 1 4663
1891278 1 4663
1891278 1 4663
1891278 1 4663
1891278 2 4663
1891278 1 4663
1891278 1 4663
1891278 1 4663
1891278 4 4663
1891278 4 4663
1891278 2 4663
1891278 2 4663
1891278 1 4663
1891278 1 4663
1891278 4 4663
1891278 1 4663
1891278 1 4663
1891278 1 4663
1891278 1 4663
1891278 1 4663
1891278 2 4663
1891278 1 4663
1891278 2 4663
1891278 6 4663
1891278 5 4663
1891278 37 4663
1891278 2 4663
1891278 1 4663
1891278 1 4663
1891278 44 4663
1891278 36 4663
1891278 2 4663
1891278 1 4663
1891278 18 4663
1891278 1 4663
1891278 1 4663
1891278 4 4663
1891278 2 4663
1891278 1 4663
1891278 2 4663
1891278 3 4663
1891278 1 4663
1891278 1 4663
1891278 2 4663
1891278 1 4663
1891278 1 4663
1891278 1 4663
1891278 1 4663
1891278 3 4663
1891278 1 4663
1891278 2 4663
1891278 2 4663
1891278 1 4663
1891278 5 4663
1891278 10 4663
1891278 4 4663
1891278 1 4663
1891278 7 4663
1891278 2 4663
1891278 1 4663
1891278 1 4663
1891278 4 4663
1891278 6 4663
1891278 1 4663
1891278 4 4663
1891278 17 4663
1891278 3 4663
1891278 1 4663
1891278 1 4663
1891278 3 4663
1891278 1 4663
1891278 2 4663
1891278 1 4663
1891278 1 4663
1891278 1 4663
1891278 1 4663
1891278 1 4663
1891278 1 4663
1891278 1 4663
1891278 1 4663
1891278 2 4663
1891278 2 4663
1891278 3 4663
1891278 1 4663
1891278 2 4663
1891278 2 4663
1891278 1 4663
1891278 1 4663
1891278 1 4663
1891278 2 4663
1891278 5 4663
1891278 2 4663
1891278 1 4663
1891278 3 4663
1891278 2 4663
1891278 21 4663
1891278 12 4663
1891278 1 4663
1891278 1 4663
1891278 4 4663
1891278 1 4663
1891278 1 4663
1891278 1 4663
1891278 1 4663
1891278 1 4663
1891278 7 4663
1891278 1 4663
1891278 1 4663
1891278 7 4663
1891278 3 4663
1891278 16 4663
1891278 1 4663
