3661963 7 4996
3661963 1 4996
3661963 1 4996
3661963 1 4996
3661963 1 4996
3661963 10 4996
3661963 4 4996
3661963 2 4996
3661963 4 4996
3661963 5 4996
3661963 4 4996
3661963 2 4996
3661963 1 4996
3661963 1 4996
3661963 1 4996
3661963 1 4996
3661963 1 4996
3661963 16 4996
3661963 3 4996
3661963 1 4996
3661963 1 4996
3661963 2 4996
3661963 5 4996
3661963 4 4996
3661963 1 4996
3661963 1 4996
3661963 1 4996
3661963 1 4996
3661963 1 4996
3661963 9 4996
3661963 1 4996
3661963 1 4996
3661963 9 4996
3661963 3 4996
3661963 2 4996
3661963 7 4996
3661963 1 4996
3661963 5 4996
3661963 1 4996
3661963 3 4996
3661963 1 4996
3661963 1 4996
3661963 1 4996
3661963 1 4996
3661963 2 4996
3661963 1 4996
3661963 4 4996
3661963 5 4996
3661963 2 4996
3661963 3 4996
3661963 4 4996
3661963 2 4996
3661963 1 4996
3661963 1 4996
3661963 1 4996
3661963 1 4996
3661963 1 4996
3661963 3 4996
3661963 1 4996
3661963 1 4996
3661963 1 4996
3661963 1 4996
3661963 1 4996
3661963 1 4996
3661963 2 4996
3661963 2 4996
3661963 1 4996
2364167 1 4885
3661963 1 4996
3661963 1 4996
3661963 1 4996
3661963 1 4996
3661963 1 4996
3661963 2 4996
3661963 1 4996
3661963 2 4996
3661963 1 4996
3661963 1 4996
3661963 1 4996
3661963 1 4996
3661963 3 4996
3661963 1 4996
3661963 1 4996
3661963 1 4996
3661963 1 4996
3661963 1 4996
3661963 1 4996
3661963 1 4996
3661963 2 4996
3661963 1 4996
3661963 1 4996
3661963 1 4996
3661963 3 4996
3661963 1 4996
3661963 3 4996
3661963 1 4996
3661963 1 4996
3661963 3 4996
3661963 1 4996
3661963 1 4996
3661963 1 4996
3661963 1 4996
3661963 1 4996
3661963 1 4996
3661963 1 4996
3661963 1 4996
3661963 1 4996
3661963 1 4996
3661963 1 4996
3661963 1 4996
3661963 1 4996
3661963 1 4996
3661963 1 4996
3661963 1 4996
3661963 1 4996
3661963 1 4996
3661963 1 4996
3661963 1 4996
3661963 1 4996
3661963 1 4996
3661963 3 4996
3661963 8 4996
3661963 2 4996
3661963 1 4996
3661963 1 4996
3661963 2 4996
3661963 2 4996
3661963 1 4996
3661963 1 4996
3661963 1 4996
3661963 1 4996
3661963 2 4996
3661963 1 4996
3661963 1 4996
3661963 1 4996
3661963 1 4996
3661963 1 4996
3661963 1 4996
3661963 1 4996
3661963 2 4996
3661963 1 4996
3661963 1 4996
3661963 1 4996
3661963 1 4996
3661963 5 4996
3661963 1 4996
3661963 6 4996
3661963 1 4996
3661963 1 4996
3661963 1 4996
3661963 1 4996
3661963 1 4996
3661963 1 4996
3661963 1 4996
3661963 1 4996
3661963 1 4996
3661963 1 4996
3661963 2 4996
3661963 51 4996
3661963 10 4996
3661963 2 4996
3661963 1 4996
3661963 1 4996
3661963 1 4996
3661963 2 4996
3661963 1 4996
3661963 4 4996
3661963 2 4996
3661963 3 4996
3661963 2 4996
3661963 2 4996
3661963 1 4996
3661963 2 4996
3661963 2 4996
3661963 3 4996
3661963 1 4996
3661963 1 4996
3661963 1 4996
3661963 1 4996
3661963 1 4996
3661963 1 4996
3661963 1 4996
3661963 1 4996
3661963 3 4996
3661963 1 4996
3661963 1 4996
3661963 1 4996
3661963 1 4996
3661963 1 4996
3661963 1 4996
3661963 1 4996
3661963 1 4996
3661963 2 4996
3661963 1 4996
3661963 1 4996
3661963 2 4996
3661963 1 4996
3661963 3 4996
3661963 1 4996
3661963 1 4996
3661963 1 4996
3661963 1 4996
3661963 3 4996
3661963 2 4996
3661963 1 4996
3661963 1 4996
3661963 1 4996
3661963 1 4996
3661963 1 4996
3661963 1 4996
3661963 3 4996
3661963 3 4996
3661963 1 4996
3661963 1 4996
3661963 1 4996
3661963 2 4996
3661963 1 4996
3661963 1 4996
3661963 1 4996
3661963 1 4996
3661963 1 4996
3661963 1 4996
3661963 1 4996
3661963 1 4996
3661963 1 4996
3661963 1 4996
3661963 3 4996
3661963 7 4996
3661963 1 4996
3661963 8 4996
3661963 8 4996
3661963 1 4996
3661963 1 4996
3661963 5 4996
3661963 11 4996
3661963 1 4996
3661963 5 4996
3661963 1 4996
3661963 1 4996
3661963 3 4996
3661963 1 4996
3661963 1 4996
3661963 1 4996
3661963 2 4996
3661963 1 4996
3661963 1 4996
3661963 1 4996
3661963 5 4996
3661963 3 4996
3661963 15 4996
3661963 2 4996
3661963 3 4996
3661963 13 4996
3661963 8 4996
3661963 65 4996
3661963 1 4996
3661963 18 4996
3661963 1 4996
3661963 1 4996
3661963 3 4996
3661963 31 4996
3661963 3 4996
3661963 1 4996
3661963 1 4996
3661963 4 4996
3661963 1 4996
3661963 1 4996
3661963 1 4996
3661963 1 4996
3661963 1 4996
3661963 2 4996
3661963 1 4996
3661963 1 4996
3661963 1 4996
3661963 4 4996
3661963 1 4996
3661963 1 4996
3661963 1 4996
3661963 2 4996
3661963 1 4996
3661963 1 4996
3661963 1 4996
3661963 24 4996
3661963 2 4996
3661963 1 4996
3661963 1 4996
3661963 1 4996
3661963 1 4996
3661963 1 4996
3661963 1 4996
3661963 2 4996
3661963 1 4996
3661963 1 4996
3661963 1 4996
3661963 2 4996
3661963 1 4996
3661963 1 4996
3661963 1 4996
3661963 3 4996
3661963 3 4996
3661963 1 4996
3661963 1 4996
3661963 4 4996
3661963 2 4996
3661963 1 4996
3661963 2 4996
3661963 2 4996
3661963 3 4996
3661963 1 4996
3661963 1 4996
3661963 1 4996
3661963 1 4996
3661963 2 4996
3661963 11 4996
3661963 1 4996
3661963 2 4996
3661963 1 4996
3661963 1 4996
3661963 1 4996
3661963 1 4996
3661963 1 4996
3661963 7 4996
3661963 1 4996
3661963 1 4996
3661963 1 4996
3661963 2 4996
3661963 2 4996
3661963 1 4996
3661963 1 4996
3661963 2 4996
3661963 1 4996
3661963 1 4996
3661963 1 4996
3661963 1 4996
3661963 1 4996
3661963 1 4996
3661963 5 4996
3661963 1 4996
3661963 1 4996
3661963 1 4996
3661963 1 4996
3661963 2 4996
3661963 2 4996
3661963 1 4996
3661963 3 4996
3661963 3 4996
3661963 1 4996
3661963 4 4996
3661963 7 4996
3661963 1 4996
3661963 1 4996
3661963 1 4996
3661963 2 4996
3661963 1 4996
3661963 1 4996
3661963 1 4996
3661963 2 4996
3661963 2 4996
3661963 1 4996
3661963 1 4996
3661963 1 4996
3661963 1 4996
3661963 1 4996
3661963 1 4996
3661963 1 4996
3661963 1 4996
3661963 1 4996
3661963 2 4996
3661963 4 4996
3661963 2 4996
3661963 2 4996
3661963 5 4996
3661963 3 4996
3661963 1 4996
3661963 1 4996
3661963 1 4996
3661963 1 4996
3661963 1 4996
3661963 1 4996
3661963 10 4996
3661963 1 4996
3661963 2 4996
3661963 1 4996
3661963 3 4996
3661963 1 4996
3661963 1 4996
3661963 1 4996
3661963 1 4996
3661963 3 4996
3661963 1 4996
3661963 1 4996
3661963 1 4996
3661963 2 4996
3661963 1 4996
3661963 1 4996
3661963 16 4996
3661963 3 4996
3661963 8 4996
3661963 1 4996
3661963 1 4996
3661963 1 4996
3661963 2 4996
3661963 1 4996
3661963 1 4996
3661963 2 4996
3661963 1 4996
3661963 1 4996
3661963 2 4996
3661963 1 4996
3661963 1 4996
3661963 2 4996
3661963 1 4996
3661963 1 4996
3661963 3 4996
3661963 1 4996
3661963 4 4996
3661963 4 4996
3661963 1 4996
3661963 1 4996
3661963 2 4996
3661963 2 4996
3661963 1 4996
3661963 1 4996
3661963 2 4996
3661963 2 4996
3661963 6 4996
3661963 1 4996
3661963 1 4996
3661963 1 4996
3661963 1 4996
3661963 2 4996
3661963 1 4996
3661963 1 4996
3661963 1 4996
3661963 1 4996
3661963 1 4996
3661963 2 4996
3661963 2 4996
3661963 1 4996
3661963 1 4996
3661963 3 4996
3661963 8 4996
3661963 14 4996
3661963 1 4996
3661963 2 4996
3661963 3 4996
3661963 2 4996
3661963 1 4996
3661963 2 4996
3661963 1 4996
3661963 1 4996
3661963 4 4996
3661963 1 4996
3661963 1 4996
3661963 2 4996
3661963 3 4996
3661963 1 4996
3661963 1 4996
3661963 15 4996
3661963 2 4996
3661963 1 4996
3661963 1 4996
3661963 1 4996
3661963 1 4996
3661963 1 4996
3661963 1 4996
3661963 3 4996
3661963 2 4996
3661963 1 4996
3661963 1 4996
3661963 2 4996
3661963 1 4996
3661963 6 4996
3661963 1 4996
3661963 8 4996
3661963 5 4996
3661963 1 4996
3661963 1 4996
3661963 1 4996
3661963 1 4996
3661963 1 4996
3661963 1 4996
3661963 1 4996
3661963 1 4996
3661963 2 4996
3661963 1 4996
3661963 1 4996
3661963 1 4996
3661963 2 4996
3661963 28 4996
3661963 2 4996
3661963 5 4996
3661963 1 4996
3661963 2 4996
3661963 1 4996
3661963 1 4996
3661963 2 4996
3661963 1 4996
3661963 4 4996
3661963 1 4996
3661963 1 4996
3661963 2 4996
3661963 46 4996
3661963 5 4996
3661963 4 4996
3661963 14 4996
3661963 1 4996
3661963 1 4996
3661963 28 4996
3661963 1 4996
3661963 1 4996
3661963 1 4996
3661963 1 4996
3661963 1 4996
3661963 2 4996
3661963 1 4996
3661963 1 4996
3661963 1 4996
3661963 34 4996
3661963 1 4996
3661963 5 4996
3661963 2 4996
3661963 9 4996
3661963 4 4996
3661963 1 4996
3661963 3 4996
3661963 2 4996
3661963 2 4996
3661963 2 4996
3661963 1 4996
3661963 5 4996
3661963 1 4996
3661963 1 4996
3661963 1 4996
3661963 1 4996
3661963 1 4996
3661963 1 4996
3661963 1 4996
3661963 1 4996
3661963 13 4996
3661963 3 4996
3661963 1 4996
3661963 4 4996
3661963 1 4996
3661963 1 4996
3661963 1 4996
3661963 1 4996
3661963 1 4996
3661963 1 4996
3661963 2 4996
3661963 1 4996
3661963 1 4996
3661963 1 4996
3661963 1 4996
3661963 1 4996
3661963 1 4996
3661963 1 4996
3661963 2 4996
3661963 3 4996
3661963 1 4996
3661963 3 4996
3661963 1 4996
3661963 3 4996
3661963 6 4996
3661963 1 4996
3661963 1 4996
3661963 1 4996
3661963 1 4996
3661963 1 4996
3661963 1 4996
3661963 1 4996
3661963 3 4996
3661963 2 4996
3661963 3 4996
3661963 1 4996
3661963 1 4996
3661963 1 4996
3661963 2 4996
3661963 1 4996
3661963 1 4996
3661963 1 4996
3661963 2 4996
3661963 1 4996
3661963 10 4996
3661963 2 4996
3661963 6 4996
3661963 1 4996
3661963 1 4996
3661963 4 4996
3661963 1 4996
3661963 1 4996
3661963 3 4996
3661963 2 4996
3661963 1 4996
3661963 2 4996
3661963 1 4996
3661963 1 4996
3661963 1 4996
3661963 4 4996
3661963 4 4996
3661963 1 4996
3661963 2 4996
3661963 1 4996
3661963 1 4996
3661963 3 4996
3661963 4 4996
3661963 1 4996
3661963 25 4996
3661963 6 4996
3661963 4 4996
3661963 1 4996
3661963 2 4996
3661963 18 4996
3661963 15 4996
3661963 3 4996
3661963 2 4996
3661963 1 4996
3661963 3 4996
3661963 4 4996
3661963 1 4996
3661963 13 4996
3661963 3 4996
3661963 1 4996
3661963 2 4996
3661963 1 4996
3661963 1 4996
3661963 2 4996
3661963 2 4996
3661963 4 4996
3661963 1 4996
3661963 2 4996
3661963 1 4996
3661963 1 4996
3661963 2 4996
3661963 3 4996
3661963 1 4996
3661963 1 4996
3661963 17 4996
3661963 5 4996
3661963 1 4996
3661963 1 4996
3661963 1 4996
3661963 2 4996
3661963 1 4996
3661963 1 4996
3661963 1 4996
3661963 1 4996
3661963 1 4996
3661963 1 4996
3661963 4 4996
3661963 1 4996
3661963 1 4996
3661963 2 4996
3661963 1 4996
