3666422 1 5107
3666422 13 5107
3666422 4 5107
3666422 1 5107
3666422 1 5107
3666422 1 5107
3666422 5 5107
3666422 3 5107
3666422 1 5107
3666422 5 5107
3666422 2 5107
3666422 3 5107
3666422 2 5107
3666422 5 5107
3666422 1 5107
3666422 2 5107
3666422 1 5107
3666422 5 5107
3666422 3 5107
3666422 1 5107
3666422 1 5107
3666422 3 5107
3666422 1 5107
3666422 2 5107
3666422 1 5107
3666422 1 5107
3666422 5 5107
3666422 1 5107
3666422 12 5107
3666422 11 5107
3666422 1 5107
3666422 1 5107
3666422 13 5107
3666422 4 5107
3666422 1 5107
3666422 1 5107
3666422 1 5107
3666422 10 5107
3666422 4 5107
3666422 2 5107
3666422 1 5107
3666422 2 5107
3666422 1 5107
3666422 1 5107
3666422 1 5107
3666422 1 5107
3666422 3 5107
3666422 1 5107
3666422 1 5107
3666422 2 5107
3666422 1 5107
3666422 2 5107
3666422 3 5107
3666422 1 5107
3666422 1 5107
3666422 1 5107
3666422 1 5107
3666422 1 5107
3666422 1 5107
3666422 1 5107
3666422 1 5107
3666422 2 5107
3666422 1 5107
3666422 1 5107
3666422 1 5107
3666422 1 5107
3666422 2 5107
3666422 1 5107
3666422 1 5107
3666422 1 5107
3666422 1 5107
3666422 1 5107
3666422 1 5107
3666422 1 5107
3666422 1 5107
3666422 6 5107
3666422 1 5107
3666422 3 5107
3666422 1 5107
3666422 3 5107
3666422 3 5107
3666422 1 5107
3666422 1 5107
3666422 1 5107
3666422 1 5107
3666422 1 5107
3666422 1 5107
3666422 1 5107
3666422 2 5107
3666422 1 5107
3666422 1 5107
3666422 1 5107
3666422 1 5107
3666422 1 5107
3666422 1 5107
3666422 1 5107
3666422 1 5107
3666422 1 5107
3666422 3 5107
3666422 1 5107
3666422 1 5107
3666422 1 5107
3666422 1 5107
3666422 2 5107
3666422 2 5107
3666422 1 5107
3666422 1 5107
3666422 1 5107
3666422 1 5107
3666422 1 5107
3666422 1 5107
3666422 1 5107
3666422 2 5107
3666422 1 5107
3666422 1 5107
3666422 1 5107
3666422 1 5107
3666422 1 5107
3666422 2 5107
3666422 1 5107
3666422 2 5107
3666422 1 5107
3666422 1 5107
3666422 1 5107
3666422 1 5107
3666422 1 5107
3666422 1 5107
3666422 1 5107
3666422 4 5107
3666422 1 5107
3666422 2 5107
3666422 1 5107
3666422 1 5107
3661963 1 4996
3666422 1 5107
3666422 5 5107
3666422 1 5107
3666422 1 5107
3666422 1 5107
3666422 1 5107
3666422 1 5107
3666422 1 5107
3666422 3 5107
3666422 1 5107
3666422 1 5107
3666422 1 5107
3666422 2 5107
3666422 13 5107
3666422 8 5107
3666422 1 5107
3666422 1 5107
3666422 1 5107
3666422 3 5107
3666422 3 5107
3666422 1 5107
3666422 1 5107
3666422 1 5107
3666422 1 5107
3666422 1 5107
3666422 1 5107
3666422 1 5107
3666422 1 5107
3666422 1 5107
3666422 1 5107
3666422 4 5107
3666422 3 5107
3666422 4 5107
3666422 1 5107
3666422 1 5107
3666422 2 5107
3666422 3 5107
3666422 1 5107
3666422 3 5107
3666422 1 5107
3666422 2 5107
3666422 1 5107
3666422 3 5107
3666422 1 5107
3666422 8 5107
3666422 3 5107
3666422 2 5107
3666422 1 5107
3666422 2 5107
3666422 1 5107
3666422 18 5107
3666422 4 5107
3666422 1 5107
3666422 1 5107
3666422 1 5107
3666422 1 5107
3666422 11 5107
3666422 1 5107
3666422 1 5107
3666422 1 5107
3666422 1 5107
3666422 1 5107
3666422 2 5107
3666422 3 5107
3666422 4 5107
3666422 2 5107
3666422 4 5107
3666422 1 5107
3666422 1 5107
3666422 2 5107
3666422 1 5107
3666422 1 5107
3666422 1 5107
3666422 1 5107
3666422 3 5107
3666422 2 5107
3666422 1 5107
3666422 8 5107
3666422 4 5107
3666422 10 5107
3666422 2 5107
3666422 3 5107
3666422 1 5107
3666422 2 5107
3666422 4 5107
3666422 1 5107
3666422 1 5107
3666422 2 5107
3666422 1 5107
3666422 1 5107
3666422 1 5107
3666422 2 5107
3666422 4 5107
3666422 1 5107
3666422 1 5107
3666422 5 5107
3666422 1 5107
3666422 1 5107
3666422 1 5107
3666422 2 5107
3666422 2 5107
3666422 1 5107
3666422 2 5107
3666422 1 5107
3666422 1 5107
3666422 2 5107
3666422 2 5107
3666422 1 5107
3666422 1 5107
3666422 1 5107
3666422 4 5107
3666422 1 5107
3666422 2 5107
3666422 1 5107
3666422 1 5107
3666422 1 5107
3666422 1 5107
3666422 1 5107
3666422 1 5107
3666422 1 5107
3666422 1 5107
3666422 1 5107
3666422 1 5107
3666422 1 5107
3666422 1 5107
3666422 1 5107
3666422 2 5107
3666422 1 5107
3666422 1 5107
3666422 1 5107
3666422 5 5107
3666422 5 5107
3666422 2 5107
3666422 1 5107
3666422 1 5107
3666422 2 5107
3666422 1 5107
3666422 1 5107
3666422 1 5107
3666422 1 5107
3666422 1 5107
3666422 2 5107
3666422 1 5107
3666422 28 5107
3666422 8 5107
3666422 7 5107
3666422 4 5107
3666422 1 5107
3666422 1 5107
3666422 1 5107
3666422 1 5107
3666422 3 5107
3666422 1 5107
3666422 1 5107
3666422 1 5107
3666422 1 5107
3666422 5 5107
3666422 1 5107
3666422 4 5107
3666422 1 5107
3666422 3 5107
3666422 1 5107
3666422 2 5107
3666422 4 5107
3666422 3 5107
3666422 1 5107
3666422 1 5107
3666422 1 5107
3666422 2 5107
3666422 1 5107
3666422 2 5107
3666422 2 5107
3666422 8 5107
3666422 1 5107
3666422 1 5107
3666422 1 5107
3666422 1 5107
3666422 7 5107
3666422 5 5107
3666422 6 5107
3666422 1 5107
3666422 2 5107
3666422 1 5107
3666422 3 5107
3666422 2 5107
3666422 5 5107
3666422 1 5107
3666422 1 5107
3666422 1 5107
3666422 1 5107
3666422 7 5107
3666422 1 5107
3666422 4 5107
3666422 1 5107
3666422 3 5107
3666422 1 5107
3666422 2 5107
3666422 1 5107
3666422 2 5107
3666422 1 5107
3666422 1 5107
3666422 1 5107
3666422 1 5107
3666422 2 5107
3666422 1 5107
3666422 1 5107
3666422 1 5107
3666422 1 5107
3666422 1 5107
3666422 1 5107
3666422 2 5107
3666422 3 5107
3666422 11 5107
3666422 1 5107
3666422 1 5107
3666422 1 5107
3666422 1 5107
3666422 1 5107
3666422 6 5107
3666422 9 5107
3666422 3 5107
3666422 12 5107
3666422 1 5107
3666422 1 5107
3666422 1 5107
3666422 1 5107
3666422 1 5107
3666422 3 5107
3666422 2 5107
3666422 1 5107
3666422 21 5107
3666422 42 5107
3666422 4 5107
3666422 2 5107
3666422 4 5107
3666422 1 5107
3666422 2 5107
3666422 1 5107
3666422 3 5107
3666422 2 5107
3666422 2 5107
3666422 1 5107
3666422 1 5107
3666422 1 5107
3666422 1 5107
3666422 1 5107
3666422 1 5107
3666422 2 5107
3666422 1 5107
3666422 1 5107
3666422 1 5107
3666422 1 5107
3666422 2 5107
3666422 1 5107
3666422 2 5107
3666422 1 5107
3666422 1 5107
3666422 1 5107
3666422 1 5107
3666422 1 5107
3666422 1 5107
3666422 16 5107
3666422 2 5107
3666422 1 5107
3666422 3 5107
3666422 1 5107
3666422 1 5107
3666422 1 5107
3666422 3 5107
3666422 2 5107
3666422 32 5107
3666422 1 5107
3666422 1 5107
3666422 1 5107
3666422 1 5107
3666422 1 5107
3666422 1 5107
3666422 1 5107
3666422 1 5107
3666422 1 5107
3666422 2 5107
3666422 2 5107
3666422 2 5107
3666422 3 5107
3666422 1 5107
3666422 1 5107
3666422 18 5107
3666422 24 5107
3666422 1 5107
3666422 1 5107
3666422 3 5107
3666422 3 5107
3666422 13 5107
3666422 5 5107
3666422 1 5107
3666422 1 5107
3666422 2 5107
3666422 10 5107
3666422 2 5107
3666422 4 5107
3666422 1 5107
3666422 1 5107
3666422 12 5107
3666422 1 5107
3666422 2 5107
3666422 1 5107
3666422 2 5107
3666422 1 5107
3666422 2 5107
3666422 1 5107
3666422 4 5107
3666422 1 5107
3666422 1 5107
3666422 2 5107
3666422 21 5107
3666422 1 5107
3666422 5 5107
3666422 6 5107
3666422 1 5107
3666422 1 5107
3666422 1 5107
3666422 3 5107
3666422 2 5107
3666422 1 5107
3666422 1 5107
3666422 1 5107
3666422 4 5107
3666422 2 5107
3666422 2 5107
3666422 3 5107
3666422 2 5107
3666422 1 5107
3666422 8 5107
3666422 2 5107
3666422 2 5107
3666422 2 5107
3666422 1 5107
3666422 3 5107
3666422 13 5107
3666422 1 5107
3666422 1 5107
3666422 1 5107
3666422 1 5107
3666422 1 5107
3666422 1 5107
3666422 7 5107
3666422 2 5107
3666422 1 5107
3666422 4 5107
3666422 2 5107
3666422 3 5107
3666422 1 5107
3666422 1 5107
3666422 1 5107
3666422 3 5107
3666422 2 5107
3666422 1 5107
3666422 33 5107
3666422 10 5107
3666422 1 5107
3666422 1 5107
3666422 2 5107
3666422 2 5107
3666422 2 5107
3666422 4 5107
3666422 6 5107
3666422 1 5107
3666422 2 5107
3666422 1 5107
3666422 3 5107
3666422 2 5107
3666422 1 5107
3666422 4 5107
3666422 1 5107
3666422 2 5107
3666422 1 5107
3666422 1 5107
3666422 3 5107
3666422 1 5107
3666422 1 5107
3666422 3 5107
3666422 1 5107
3666422 1 5107
3666422 1 5107
3666422 2 5107
3666422 1 5107
3666422 1 5107
3666422 1 5107
3666422 4 5107
3666422 1 5107
3666422 3 5107
3666422 2 5107
3666422 1 5107
3666422 1 5107
3666422 1 5107
3666422 2 5107
3666422 2 5107
3666422 8 5107
3666422 2 5107
3666422 1 5107
3666422 2 5107
3666422 1 5107
3666422 1 5107
3666422 1 5107
3666422 1 5107
3666422 1 5107
3666422 3 5107
3666422 3 5107
3666422 1 5107
3666422 11 5107
3666422 1 5107
3666422 3 5107
3666422 9 5107
3666422 1 5107
3666422 1 5107
3666422 1 5107
3666422 1 5107
3666422 1 5107
3666422 1 5107
3666422 3 5107
3666422 9 5107
3666422 2 5107
3666422 1 5107
3666422 3 5107
3666422 1 5107
3666422 9 5107
3666422 2 5107
3666422 1 5107
3666422 2 5107
3666422 1 5107
3666422 4 5107
3666422 1 5107
3666422 1 5107
3666422 1 5107
3666422 1 5107
3666422 2 5107
3666422 2 5107
3666422 3 5107
3666422 1 5107
3666422 4 5107
3666422 2 5107
3666422 1 5107
3666422 2 5107
3666422 1 5107
3666422 2 5107
3666422 1 5107
3666422 1 5107
3666422 14 5107
3666422 9 5107
3666422 1 5107
3666422 1 5107
3666422 1 5107
3666422 1 5107
3666422 1 5107
3666422 1 5107
3666422 1 5107
3666422 1 5107
3666422 5 5107
3666422 1 5107
3666422 3 5107
3666422 2 5107
3666422 1 5107
3666422 4 5107
3666422 1 5107
3666422 4 5107
3666422 2 5107
3666422 2 5107
3666422 1 5107
3666422 1 5107
3666422 19 5107
3666422 6 5107
3666422 2 5107
3666422 1 5107
3666422 2 5107
