3710774 2 5218
3710774 1 5218
3710774 10 5218
3710774 6 5218
3710774 2 5218
3710774 1 5218
3710774 1 5218
3710774 7 5218
3710774 1 5218
3710774 1 5218
3710774 1 5218
3710774 1 5218
3710774 1 5218
3710774 1 5218
3710774 8 5218
3710774 1 5218
3710774 6 5218
3710774 2 5218
3710774 1 5218
3710774 7 5218
3710774 1 5218
3710774 2 5218
3710774 1 5218
3710774 3 5218
3710774 3 5218
3710774 1 5218
3710774 1 5218
3710774 2 5218
3710774 1 5218
3710774 1 5218
3710774 1 5218
3710774 1 5218
3666422 1 5107
3710774 1 5218
3710774 1 5218
3710774 2 5218
3710774 2 5218
3710774 1 5218
3710774 1 5218
3710774 3 5218
3710774 1 5218
3710774 1 5218
3710774 2 5218
3710774 1 5218
3710774 1 5218
3710774 1 5218
3710774 10 5218
3710774 37 5218
3710774 2 5218
3710774 1 5218
3710774 1 5218
3710774 3 5218
3710774 3 5218
3710774 1 5218
3710774 1 5218
3710774 4 5218
3710774 2 5218
3710774 1 5218
3710774 1 5218
3710774 1 5218
3710774 1 5218
3710774 1 5218
3710774 2 5218
3710774 1 5218
3710774 1 5218
3710774 2 5218
3710774 3 5218
3710774 1 5218
3710774 1 5218
3710774 1 5218
3710774 3 5218
3710774 1 5218
3710774 2 5218
3710774 2 5218
3710774 1 5218
3710774 1 5218
3710774 1 5218
3710774 1 5218
3710774 2 5218
3710774 1 5218
3710774 1 5218
3710774 1 5218
3710774 1 5218
3710774 1 5218
3710774 1 5218
3710774 2 5218
3710774 1 5218
3710774 1 5218
3710774 1 5218
3710774 1 5218
3710774 1 5218
3710774 1 5218
3710774 2 5218
3710774 1 5218
3710774 1 5218
3710774 3 5218
3710774 6 5218
3710774 2 5218
3710774 1 5218
3710774 3 5218
3710774 1 5218
3710774 4 5218
3710774 1 5218
3710774 1 5218
3710774 1 5218
3710774 1 5218
3710774 2 5218
3710774 1 5218
3710774 1 5218
3710774 1 5218
3710774 1 5218
3710774 4 5218
3710774 1 5218
3710774 2 5218
3710774 1 5218
3710774 22 5218
3710774 1 5218
3710774 1 5218
3710774 4 5218
3710774 9 5218
3710774 2 5218
3710774 1 5218
3710774 5 5218
3710774 2 5218
3710774 1 5218
3710774 1 5218
3710774 1 5218
3710774 13 5218
3710774 3 5218
3710774 1 5218
3710774 1 5218
3710774 3 5218
3710774 5 5218
3710774 1 5218
3710774 2 5218
3710774 1 5218
3710774 1 5218
3710774 2 5218
3710774 1 5218
3710774 1 5218
3710774 2 5218
3710774 1 5218
3710774 1 5218
3710774 1 5218
3710774 1 5218
3710774 2 5218
3710774 1 5218
3710774 5 5218
3710774 1 5218
3710774 1 5218
3710774 2 5218
3710774 5 5218
3710774 2 5218
3710774 1 5218
3710774 1 5218
3710774 1 5218
3710774 1 5218
3710774 4 5218
3710774 2 5218
3710774 1 5218
3710774 1 5218
3710774 2 5218
3710774 1 5218
3710774 1 5218
3710774 2 5218
3710774 1 5218
3710774 4 5218
3710774 1 5218
3710774 1 5218
3710774 2 5218
3710774 1 5218
3710774 1 5218
3710774 8 5218
3710774 1 5218
3710774 1 5218
3710774 1 5218
3710774 3 5218
3710774 7 5218
3710774 2 5218
3710774 3 5218
3710774 1 5218
3710774 1 5218
3710774 2 5218
3710774 1 5218
3710774 1 5218
3710774 3 5218
3710774 1 5218
3710774 2 5218
3710774 1 5218
3710774 1 5218
3710774 1 5218
3710774 1 5218
3710774 8 5218
3710774 1 5218
3710774 1 5218
3710774 1 5218
3710774 3 5218
3710774 1 5218
3710774 1 5218
3710774 1 5218
3710774 1 5218
3710774 1 5218
3710774 1 5218
3710774 1 5218
3710774 3 5218
3710774 2 5218
3710774 3 5218
3710774 2 5218
3710774 1 5218
3710774 1 5218
3710774 1 5218
3710774 1 5218
3710774 1 5218
3710774 2 5218
3710774 2 5218
3710774 1 5218
3710774 1 5218
3710774 2 5218
3710774 1 5218
3710774 1 5218
3710774 2 5218
3710774 2 5218
3710774 1 5218
3710774 1 5218
3710774 2 5218
3710774 1 5218
3710774 6 5218
3710774 1 5218
3710774 1 5218
3710774 12 5218
3710774 1 5218
3710774 1 5218
3710774 2 5218
3710774 1 5218
3710774 1 5218
3710774 3 5218
3710774 2 5218
3710774 3 5218
3710774 5 5218
3710774 12 5218
3710774 4 5218
3710774 2 5218
3710774 1 5218
3710774 1 5218
3710774 1 5218
3710774 13 5218
3710774 3 5218
3710774 2 5218
3710774 2 5218
3710774 11 5218
3710774 1 5218
3710774 1 5218
3710774 7 5218
3710774 2 5218
3710774 1 5218
3710774 1 5218
3710774 1 5218
3710774 5 5218
3710774 1 5218
3710774 1 5218
3710774 9 5218
3710774 2 5218
3710774 6 5218
3710774 1 5218
3710774 1 5218
3710774 2 5218
3710774 1 5218
3710774 12 5218
3710774 1 5218
3710774 2 5218
3710774 1 5218
3710774 2 5218
3710774 4 5218
3710774 1 5218
3710774 6 5218
3710774 2 5218
3710774 13 5218
3710774 2 5218
3710774 2 5218
3710774 2 5218
3710774 2 5218
3710774 11 5218
3710774 1 5218
3710774 3 5218
3710774 1 5218
3710774 3 5218
3710774 2 5218
3710774 2 5218
3710774 1 5218
3710774 1 5218
3710774 1 5218
3710774 1 5218
3710774 1 5218
3710774 1 5218
3710774 1 5218
3710774 8 5218
3710774 5 5218
3710774 6 5218
3710774 2 5218
3710774 2 5218
3710774 12 5218
3710774 2 5218
3710774 1 5218
3710774 2 5218
3710774 1 5218
3710774 1 5218
3710774 5 5218
3710774 1 5218
3710774 10 5218
3710774 2 5218
3710774 2 5218
3710774 1 5218
3710774 1 5218
3710774 1 5218
3710774 2 5218
3710774 1 5218
3710774 1 5218
3710774 1 5218
3710774 1 5218
3710774 1 5218
3710774 2 5218
3710774 1 5218
3710774 1 5218
3710774 1 5218
3710774 3 5218
3710774 1 5218
3710774 1 5218
3710774 9 5218
3710774 1 5218
3710774 3 5218
3710774 2 5218
3710774 3 5218
3710774 27 5218
3710774 3 5218
3710774 8 5218
3710774 2 5218
3710774 1 5218
3710774 1 5218
3710774 1 5218
3710774 2 5218
3710774 2 5218
3710774 7 5218
3710774 1 5218
3710774 18 5218
3710774 3 5218
3710774 1 5218
3710774 1 5218
3710774 1 5218
3710774 5 5218
3710774 8 5218
3710774 2 5218
3710774 1 5218
3710774 1 5218
3710774 1 5218
3710774 5 5218
3710774 1 5218
3710774 2 5218
3710774 2 5218
3710774 1 5218
3710774 1 5218
3710774 5 5218
3710774 1 5218
3710774 1 5218
3710774 13 5218
3710774 1 5218
3710774 2 5218
3710774 1 5218
3710774 1 5218
3710774 1 5218
3710774 1 5218
3710774 7 5218
3710774 1 5218
3710774 2 5218
3710774 1 5218
3710774 6 5218
3710774 1 5218
3710774 1 5218
3710774 1 5218
3710774 1 5218
3710774 7 5218
3710774 2 5218
3710774 15 5218
3710774 1 5218
3710774 1 5218
3710774 1 5218
3710774 3 5218
3710774 4 5218
3710774 5 5218
3710774 5 5218
3710774 1 5218
3710774 2 5218
3710774 1 5218
3710774 1 5218
3710774 2 5218
3710774 1 5218
3710774 2 5218
3710774 2 5218
3710774 1 5218
3710774 4 5218
3710774 3 5218
3710774 3 5218
3710774 1 5218
3710774 1 5218
3710774 4 5218
3710774 2 5218
3710774 2 5218
3710774 2 5218
3710774 1 5218
3710774 1 5218
3710774 1 5218
3710774 1 5218
3710774 4 5218
3710774 2 5218
3710774 1 5218
3710774 1 5218
3710774 1 5218
3710774 3 5218
3710774 1 5218
3710774 1 5218
3710774 2 5218
3710774 1 5218
3710774 2 5218
