2364167 5 4885
2364167 2 4885
2364167 1 4885
2364167 8 4885
2364167 8 4885
2364167 1 4885
2364167 1 4885
2364167 2 4885
2364167 1 4885
2364167 1 4885
2364167 6 4885
2364167 1 4885
2364167 1 4885
2364167 2 4885
2364167 1 4885
2364167 2 4885
2364167 1 4885
2364167 2 4885
2364167 1 4885
2364167 5 4885
2364167 4 4885
2364167 3 4885
2364167 4 4885
2364167 6 4885
2364167 7 4885
2364167 2 4885
2364167 2 4885
2364167 5 4885
2364167 4 4885
2364167 2 4885
2364167 6 4885
2364167 1 4885
2364167 2 4885
2364167 1 4885
2364167 2 4885
2364167 10 4885
2364167 7 4885
2364167 15 4885
2364167 1 4885
2364167 1 4885
2364167 1 4885
2364167 1 4885
2364167 2 4885
2364167 2 4885
2364167 6 4885
2364167 1 4885
2364167 1 4885
2364167 1 4885
2364167 12 4885
2364167 3 4885
2364167 8 4885
2364167 1 4885
2364167 2 4885
2364167 1 4885
2364167 1 4885
2364167 1 4885
2364167 9 4885
2364167 3 4885
2364167 2 4885
2364167 1 4885
2364167 2 4885
2364167 1 4885
2364167 1 4885
2364167 1 4885
2364167 1 4885
2364167 1 4885
2364167 16 4885
2364167 1 4885
1976608 1 4774
2364167 1 4885
2364167 1 4885
2364167 1 4885
2364167 6 4885
2364167 1 4885
2364167 2 4885
2364167 3 4885
2364167 24 4885
2364167 4 4885
2364167 1 4885
2364167 1 4885
2364167 1 4885
2364167 1 4885
2364167 4 4885
2364167 1 4885
2364167 1 4885
2364167 1 4885
2364167 2 4885
2364167 1 4885
2364167 3 4885
2364167 1 4885
2364167 1 4885
2364167 1 4885
2364167 1 4885
2364167 1 4885
2364167 1 4885
2364167 1 4885
2364167 3 4885
2364167 1 4885
2364167 1 4885
2364167 2 4885
2364167 1 4885
2364167 1 4885
2364167 1 4885
2364167 1 4885
2364167 1 4885
2364167 2 4885
2364167 1 4885
2364167 1 4885
2364167 1 4885
2364167 1 4885
2364167 2 4885
2364167 10 4885
2364167 1 4885
2364167 1 4885
2364167 1 4885
2364167 1 4885
2364167 1 4885
2364167 1 4885
2364167 1 4885
2364167 1 4885
2364167 1 4885
2364167 1 4885
2364167 1 4885
2364167 1 4885
2364167 1 4885
2364167 2 4885
2364167 1 4885
2364167 1 4885
2364167 1 4885
2364167 1 4885
2364167 2 4885
2364167 1 4885
2364167 1 4885
2364167 2 4885
2364167 1 4885
2364167 1 4885
2364167 1 4885
2364167 2 4885
2364167 2 4885
2364167 1 4885
2364167 1 4885
2364167 1 4885
2364167 1 4885
2364167 1 4885
2364167 1 4885
2364167 2 4885
2364167 1 4885
2364167 1 4885
2364167 1 4885
2364167 1 4885
2364167 1 4885
2364167 2 4885
2364167 1 4885
2364167 1 4885
2364167 8 4885
2364167 1 4885
2364167 1 4885
2364167 1 4885
2364167 1 4885
2364167 1 4885
2364167 1 4885
2364167 1 4885
2364167 1 4885
2364167 1 4885
2364167 1 4885
2364167 1 4885
2364167 1 4885
2364167 1 4885
2364167 2 4885
2364167 1 4885
2364167 3 4885
2364167 1 4885
2364167 1 4885
2364167 5 4885
2364167 1 4885
2364167 5 4885
2364167 1 4885
2364167 1 4885
2364167 1 4885
2364167 2 4885
2364167 1 4885
2364167 2 4885
2364167 1 4885
2364167 1 4885
2364167 1 4885
2364167 1 4885
2364167 1 4885
2364167 2 4885
2364167 1 4885
2364167 2 4885
2364167 1 4885
2364167 1 4885
2364167 1 4885
2364167 1 4885
2364167 1 4885
2364167 1 4885
2364167 1 4885
2364167 2 4885
2364167 1 4885
2364167 1 4885
2364167 1 4885
2364167 2 4885
2364167 1 4885
2364167 1 4885
2364167 1 4885
2364167 1 4885
2364167 1 4885
2364167 1 4885
2364167 1 4885
2364167 1 4885
2364167 2 4885
2364167 1 4885
2364167 1 4885
2364167 14 4885
2364167 1 4885
2364167 1 4885
2364167 1 4885
2364167 2 4885
2364167 2 4885
2364167 1 4885
2364167 1 4885
2364167 1 4885
2364167 2 4885
2364167 1 4885
2364167 1 4885
2364167 1 4885
2364167 2 4885
2364167 5 4885
2364167 1 4885
2364167 1 4885
2364167 1 4885
2364167 1 4885
2364167 1 4885
2364167 2 4885
2364167 1 4885
2364167 1 4885
2364167 2 4885
2364167 1 4885
2364167 1 4885
2364167 1 4885
2364167 3 4885
2364167 1 4885
2364167 1 4885
2364167 5 4885
2364167 3 4885
2364167 1 4885
2364167 1 4885
2364167 1 4885
2364167 1 4885
2364167 1 4885
2364167 24 4885
2364167 2 4885
2364167 9 4885
2364167 2 4885
2364167 3 4885
2364167 1 4885
2364167 1 4885
2364167 1 4885
2364167 4 4885
2364167 2 4885
2364167 3 4885
2364167 1 4885
2364167 2 4885
2364167 2 4885
2364167 1 4885
2364167 2 4885
2364167 2 4885
2364167 1 4885
2364167 1 4885
2364167 1 4885
2364167 2 4885
2364167 1 4885
2364167 1 4885
2364167 2 4885
2364167 1 4885
2364167 1 4885
2364167 2 4885
2364167 2 4885
2364167 1 4885
2364167 1 4885
2364167 1 4885
2364167 1 4885
2364167 1 4885
2364167 1 4885
2364167 1 4885
2364167 1 4885
2364167 2 4885
2364167 1 4885
2364167 1 4885
2364167 2 4885
2364167 1 4885
2364167 15 4885
2364167 27 4885
2364167 1 4885
2364167 10 4885
2364167 10 4885
2364167 4 4885
2364167 1 4885
2364167 3 4885
2364167 10 4885
2364167 1 4885
2364167 67 4885
2364167 1 4885
2364167 8 4885
2364167 13 4885
2364167 2 4885
2364167 1 4885
2364167 1 4885
2364167 1 4885
2364167 2 4885
2364167 1 4885
2364167 1 4885
2364167 1 4885
2364167 2 4885
2364167 2 4885
2364167 2 4885
2364167 1 4885
2364167 2 4885
2364167 2 4885
2364167 1 4885
2364167 3 4885
2364167 1 4885
2364167 3 4885
2364167 1 4885
2364167 1 4885
2364167 3 4885
2364167 1 4885
2364167 3 4885
2364167 1 4885
2364167 5 4885
2364167 37 4885
2364167 1 4885
2364167 5 4885
2364167 1 4885
2364167 2 4885
2364167 5 4885
2364167 1 4885
2364167 1 4885
2364167 1 4885
2364167 1 4885
2364167 1 4885
2364167 2 4885
2364167 1 4885
2364167 1 4885
2364167 2 4885
2364167 1 4885
2364167 1 4885
2364167 3 4885
2364167 1 4885
2364167 1 4885
2364167 1 4885
2364167 1 4885
2364167 1 4885
2364167 3 4885
2364167 2 4885
2364167 1 4885
2364167 1 4885
2364167 8 4885
2364167 1 4885
2364167 1 4885
2364167 1 4885
2364167 1 4885
2364167 4 4885
2364167 1 4885
2364167 1 4885
2364167 5 4885
2364167 1 4885
2364167 1 4885
2364167 1 4885
2364167 1 4885
2364167 1 4885
2364167 7 4885
2364167 2 4885
2364167 1 4885
2364167 1 4885
2364167 2 4885
2364167 2 4885
2364167 2 4885
2364167 2 4885
2364167 2 4885
2364167 1 4885
2364167 2 4885
2364167 2 4885
2364167 4 4885
2364167 1 4885
2364167 1 4885
2364167 3 4885
2364167 1 4885
2364167 6 4885
2364167 2 4885
2364167 2 4885
2364167 1 4885
2364167 1 4885
2364167 2 4885
2364167 1 4885
2364167 2 4885
2364167 1 4885
2364167 1 4885
2364167 2 4885
2364167 1 4885
2364167 1 4885
2364167 4 4885
2364167 2 4885
2364167 1 4885
2364167 1 4885
2364167 1 4885
2364167 2 4885
2364167 1 4885
2364167 2 4885
2364167 1 4885
2364167 1 4885
2364167 1 4885
2364167 1 4885
2364167 1 4885
2364167 1 4885
2364167 1 4885
2364167 1 4885
2364167 1 4885
2364167 1 4885
2364167 3 4885
2364167 2 4885
2364167 1 4885
2364167 1 4885
2364167 5 4885
2364167 1 4885
2364167 1 4885
2364167 2 4885
2364167 1 4885
2364167 1 4885
2364167 1 4885
2364167 1 4885
2364167 1 4885
2364167 2 4885
2364167 1 4885
2364167 2 4885
2364167 1 4885
2364167 1 4885
2364167 1 4885
2364167 1 4885
2364167 9 4885
2364167 3 4885
2364167 1 4885
2364167 1 4885
2364167 2 4885
2364167 51 4885
2364167 1 4885
2364167 2 4885
2364167 1 4885
2364167 1 4885
2364167 4 4885
2364167 6 4885
2364167 1 4885
2364167 1 4885
2364167 3 4885
2364167 4 4885
2364167 5 4885
2364167 1 4885
2364167 1 4885
2364167 1 4885
2364167 3 4885
2364167 1 4885
2364167 1 4885
2364167 13 4885
2364167 1 4885
2364167 1 4885
2364167 2 4885
2364167 1 4885
2364167 1 4885
2364167 2 4885
2364167 1 4885
2364167 1 4885
2364167 1 4885
2364167 1 4885
2364167 14 4885
2364167 1 4885
2364167 3 4885
2364167 19 4885
2364167 2 4885
2364167 1 4885
2364167 1 4885
2364167 2 4885
2364167 5 4885
2364167 7 4885
2364167 6 4885
2364167 21 4885
2364167 1 4885
2364167 1 4885
2364167 1 4885
2364167 1 4885
2364167 2 4885
2364167 1 4885
2364167 1 4885
2364167 1 4885
2364167 2 4885
2364167 3 4885
2364167 1 4885
2364167 1 4885
2364167 2 4885
2364167 1 4885
2364167 1 4885
2364167 1 4885
2364167 1 4885
2364167 1 4885
2364167 1 4885
2364167 1 4885
2364167 3 4885
2364167 1 4885
2364167 1 4885
2364167 1 4885
2364167 2 4885
2364167 5 4885
2364167 1 4885
2364167 1 4885
2364167 1 4885
2364167 2 4885
2364167 4 4885
2364167 1 4885
2364167 1 4885
2364167 1 4885
2364167 1 4885
2364167 1 4885
2364167 1 4885
2364167 2 4885
2364167 1 4885
2364167 1 4885
2364167 1 4885
2364167 1 4885
2364167 1 4885
2364167 1 4885
2364167 1 4885
2364167 1 4885
2364167 1 4885
2364167 10 4885
2364167 3 4885
2364167 1 4885
2364167 3 4885
2364167 1 4885
2364167 1 4885
2364167 1 4885
2364167 1 4885
2364167 1 4885
2364167 1 4885
2364167 1 4885
2364167 2 4885
2364167 1 4885
2364167 1 4885
2364167 1 4885
2364167 4 4885
2364167 1 4885
2364167 1 4885
2364167 1 4885
2364167 2 4885
2364167 1 4885
2364167 1 4885
2364167 6 4885
2364167 2 4885
2364167 1 4885
2364167 1 4885
2364167 1 4885
2364167 1 4885
2364167 2 4885
2364167 2 4885
2364167 1 4885
2364167 2 4885
2364167 1 4885
2364167 7 4885
2364167 1 4885
2364167 1 4885
2364167 1 4885
2364167 1 4885
2364167 1 4885
2364167 1 4885
2364167 6 4885
2364167 1 4885
2364167 1 4885
2364167 1 4885
2364167 3 4885
2364167 1 4885
2364167 1 4885
2364167 2 4885
2364167 1 4885
2364167 2 4885
2364167 8 4885
2364167 2 4885
2364167 2 4885
2364167 2 4885
2364167 1 4885
2364167 1 4885
2364167 4 4885
2364167 1 4885
2364167 2 4885
2364167 1 4885
2364167 15 4885
2364167 1 4885
2364167 10 4885
2364167 1 4885
2364167 1 4885
2364167 3 4885
2364167 1 4885
2364167 4 4885
2364167 31 4885
2364167 2 4885
2364167 2 4885
2364167 1 4885
2364167 1 4885
2364167 1 4885
2364167 2 4885
2364167 7 4885
2364167 1 4885
2364167 1 4885
2364167 1 4885
2364167 2 4885
2364167 1 4885
2364167 2 4885
2364167 1 4885
2364167 1 4885
2364167 2 4885
2364167 1 4885
2364167 1 4885
2364167 1 4885
2364167 1 4885
2364167 3 4885
2364167 1 4885
2364167 2 4885
2364167 2 4885
2364167 1 4885
2364167 3 4885
2364167 3 4885
2364167 2 4885
2364167 5 4885
2364167 1 4885
2364167 1 4885
2364167 1 4885
2364167 1 4885
2364167 1 4885
2364167 1 4885
2364167 1 4885
2364167 1 4885
2364167 1 4885
2364167 2 4885
2364167 1 4885
2364167 1 4885
2364167 2 4885
2364167 1 4885
2364167 2 4885
2364167 22 4885
2364167 1 4885
2364167 3 4885
2364167 4 4885
2364167 8 4885
2364167 1 4885
2364167 1 4885
2364167 1 4885
2364167 1 4885
2364167 1 4885
2364167 1 4885
2364167 5 4885
2364167 4 4885
2364167 3 4885
2364167 2 4885
2364167 2 4885
2364167 1 4885
2364167 4 4885
2364167 1 4885
2364167 3 4885
2364167 1 4885
2364167 3 4885
2364167 2 4885
2364167 1 4885
2364167 1 4885
2364167 1 4885
2364167 1 4885
2364167 3 4885
2364167 2 4885
2364167 1 4885
2364167 1 4885
2364167 1 4885
2364167 1 4885
2364167 1 4885
2364167 2 4885
2364167 2 4885
2364167 1 4885
2364167 1 4885
2364167 5 4885
2364167 1 4885
2364167 1 4885
2364167 1 4885
2364167 2 4885
2364167 1 4885
2364167 1 4885
2364167 1 4885
2364167 1 4885
2364167 1 4885
2364167 1 4885
2364167 1 4885
2364167 1 4885
2364167 1 4885
2364167 1 4885
2364167 2 4885
2364167 15 4885
2364167 3 4885
2364167 4 4885
2364167 3 4885
2364167 1 4885
2364167 1 4885
2364167 3 4885
2364167 1 4885
2364167 2 4885
2364167 2 4885
2364167 1 4885
2364167 1 4885
2364167 1 4885
2364167 1 4885
2364167 1 4885
2364167 2 4885
2364167 2 4885
2364167 3 4885
2364167 1 4885
2364167 1 4885
2364167 3 4885
2364167 1 4885
2364167 1 4885
2364167 1 4885
2364167 5 4885
2364167 1 4885
2364167 1 4885
2364167 1 4885
2364167 2 4885
2364167 2 4885
2364167 2 4885
2364167 3 4885
2364167 2 4885
2364167 1 4885
2364167 1 4885
2364167 1 4885
2364167 2 4885
2364167 4 4885
2364167 4 4885
2364167 1 4885
2364167 1 4885
2364167 1 4885
2364167 1 4885
2364167 1 4885
2364167 11 4885
2364167 5 4885
2364167 1 4885
2364167 1 4885
2364167 3 4885
2364167 2 4885
2364167 2 4885
2364167 3 4885
2364167 1 4885
2364167 3 4885
2364167 1 4885
2364167 1 4885
2364167 2 4885
2364167 2 4885
2364167 4 4885
2364167 1 4885
2364167 3 4885
2364167 3 4885
2364167 16 4885
2364167 1 4885
2364167 1 4885
2364167 1 4885
2364167 2 4885
2364167 1 4885
2364167 1 4885
2364167 1 4885
2364167 1 4885
2364167 4 4885
2364167 7 4885
2364167 1 4885
2364167 1 4885
2364167 1 4885
2364167 1 4885
2364167 3 4885
2364167 1 4885
2364167 8 4885
2364167 1 4885
2364167 1 4885
2364167 1 4885
2364167 1 4885
2364167 1 4885
2364167 1 4885
2364167 1 4885
2364167 4 4885
2364167 1 4885
2364167 3 4885
2364167 1 4885
2364167 1 4885
2364167 5 4885
2364167 1 4885
2364167 1 4885
2364167 1 4885
2364167 1 4885
2364167 2 4885
2364167 1 4885
2364167 1 4885
2364167 1 4885
2364167 2 4885
2364167 3 4885
2364167 2 4885
2364167 35 4885
2364167 18 4885
2364167 2 4885
2364167 11 4885
2364167 1 4885
2364167 1 4885
2364167 2 4885
2364167 33 4885
2364167 1 4885
2364167 2 4885
2364167 1 4885
2364167 3 4885
2364167 2 4885
2364167 1 4885
2364167 2 4885
2364167 1 4885
2364167 1 4885
2364167 1 4885
2364167 3 4885
2364167 2 4885
2364167 1 4885
2364167 1 4885
2364167 1 4885
2364167 1 4885
2364167 1 4885
2364167 1 4885
2364167 1 4885
2364167 1 4885
2364167 23 4885
2364167 3 4885
2364167 1 4885
2364167 2 4885
2364167 1 4885
2364167 7 4885
2364167 3 4885
2364167 67 4885
2364167 2 4885
2364167 17 4885
2364167 2 4885
2364167 6 4885
2364167 5 4885
2364167 1 4885
2364167 1 4885
2364167 1 4885
