3444845 2 5440
3444845 4 5440
3444845 14 5440
3444845 2 5440
3444845 1 5440
3444845 1 5440
3444845 1 5440
3444845 1 5440
3444845 6 5440
3444845 2 5440
3444845 1 5440
3444845 3 5440
3444845 10 5440
3444845 1 5440
3444845 1 5440
3444845 1 5440
3444845 1 5440
3444845 6 5440
3444845 3 5440
3444845 2 5440
3444845 1 5440
3444845 2 5440
3444845 1 5440
3444845 1 5440
3444845 2 5440
3444845 1 5440
3444845 1 5440
3444845 1 5440
3444845 2 5440
3444845 1 5440
3444845 2 5440
3444845 1 5440
3444845 1 5440
3444845 1 5440
3444845 3 5440
3444845 1 5440
3444845 1 5440
3444845 1 5440
3444845 1 5440
3444845 1 5440
3444845 1 5440
3444845 1 5440
3444845 1 5440
3444845 4 5440
3444845 1 5440
3444845 1 5440
3444845 2 5440
3444845 1 5440
3444845 1 5440
3444845 1 5440
3444845 1 5440
3444845 1 5440
3444845 1 5440
3444845 1 5440
3444845 1 5440
3444845 1 5440
3444845 5 5440
3444845 1 5440
3444845 1 5440
3444845 1 5440
3444845 1 5440
3444845 2 5440
3444845 1 5440
3444845 1 5440
3444845 1 5440
3444845 1 5440
3444845 1 5440
3444845 20 5440
3444845 2 5440
3444845 1 5440
3444845 1 5440
3444845 7 5440
3444845 1 5440
3444845 1 5440
3444845 1 5440
3444845 1 5440
3444845 1 5440
3444845 1 5440
3444845 1 5440
3444845 1 5440
3444845 1 5440
3444845 2 5440
3444845 2 5440
3444845 1 5440
3444845 1 5440
3444845 1 5440
3444845 1 5440
3444845 1 5440
3444845 1 5440
3444845 1 5440
3444845 1 5440
3444845 3 5440
3444845 1 5440
3337801 1 5329
3444845 1 5440
3444845 1 5440
3444845 1 5440
3444845 3 5440
3444845 1 5440
3444845 2 5440
3444845 1 5440
3444845 1 5440
3444845 1 5440
3444845 4 5440
3444845 3 5440
3444845 2 5440
3444845 1 5440
3444845 1 5440
3444845 3 5440
3444845 1 5440
3444845 2 5440
3444845 2 5440
3444845 1 5440
3444845 1 5440
3444845 3 5440
3444845 1 5440
3444845 1 5440
3444845 1 5440
3444845 1 5440
3444845 1 5440
3444845 1 5440
3444845 3 5440
3444845 1 5440
3444845 1 5440
3444845 1 5440
3444845 1 5440
3444845 2 5440
3444845 1 5440
3444845 2 5440
3444845 1 5440
3444845 4 5440
3444845 2 5440
3444845 2 5440
3444845 1 5440
3444845 6 5440
3444845 5 5440
3444845 1 5440
3444845 1 5440
3444845 1 5440
3444845 1 5440
3444845 1 5440
3444845 2 5440
3444845 1 5440
3444845 1 5440
3444845 1 5440
3444845 1 5440
3444845 1 5440
3444845 2 5440
3444845 1 5440
3444845 2 5440
3444845 4 5440
3444845 1 5440
3444845 1 5440
3444845 1 5440
3444845 1 5440
3444845 3 5440
3444845 2 5440
3444845 2 5440
3444845 2 5440
3444845 1 5440
3444845 2 5440
3444845 3 5440
3444845 1 5440
3444845 1 5440
3444845 1 5440
3444845 1 5440
3444845 1 5440
3444845 1 5440
3444845 1 5440
3444845 1 5440
3444845 1 5440
3444845 3 5440
3444845 1 5440
3444845 1 5440
3444845 1 5440
3444845 1 5440
3444845 1 5440
3444845 1 5440
3444845 1 5440
3444845 1 5440
3444845 1 5440
3444845 3 5440
3444845 1 5440
3444845 1 5440
3444845 2 5440
3444845 1 5440
3444845 1 5440
3444845 1 5440
3444845 1 5440
3444845 1 5440
3444845 13 5440
3444845 3 5440
3444845 3 5440
3444845 1 5440
3444845 1 5440
3444845 2 5440
3444845 1 5440
3444845 2 5440
3444845 5 5440
3444845 1 5440
3444845 7 5440
3444845 1 5440
3444845 3 5440
3444845 1 5440
3444845 1 5440
3444845 1 5440
3444845 2 5440
3444845 6 5440
3444845 1 5440
3444845 1 5440
3444845 1 5440
3444845 1 5440
3444845 5 5440
3444845 2 5440
3444845 2 5440
3444845 5 5440
3444845 2 5440
3444845 1 5440
3444845 1 5440
3444845 1 5440
3444845 1 5440
3444845 1 5440
3444845 1 5440
3444845 1 5440
3444845 1 5440
3444845 2 5440
3444845 1 5440
3444845 2 5440
3444845 1 5440
3444845 2 5440
3444845 2 5440
3444845 1 5440
3444845 1 5440
3444845 2 5440
3444845 6 5440
3444845 1 5440
3444845 1 5440
3444845 1 5440
3444845 1 5440
3444845 1 5440
3444845 2 5440
3444845 1 5440
3444845 1 5440
3444845 1 5440
3444845 2 5440
3444845 1 5440
3444845 1 5440
3444845 1 5440
3444845 1 5440
3444845 7 5440
3444845 2 5440
3444845 2 5440
3444845 2 5440
3444845 1 5440
3444845 1 5440
3444845 1 5440
3444845 1 5440
3444845 1 5440
3444845 1 5440
3444845 4 5440
3444845 1 5440
3444845 1 5440
3444845 3 5440
3444845 3 5440
3444845 1 5440
3444845 2 5440
3444845 1 5440
3444845 1 5440
3444845 1 5440
3444845 1 5440
3444845 1 5440
3444845 1 5440
3444845 14 5440
3444845 1 5440
3444845 1 5440
3444845 1 5440
3444845 1 5440
3444845 5 5440
3444845 2 5440
3444845 3 5440
3444845 2 5440
3444845 5 5440
3444845 1 5440
3444845 1 5440
3444845 3 5440
3444845 3 5440
3444845 1 5440
3444845 2 5440
3444845 4 5440
3444845 3 5440
3444845 2 5440
3444845 1 5440
3444845 1 5440
3444845 1 5440
3444845 2 5440
3444845 5 5440
3444845 1 5440
3444845 1 5440
3444845 4 5440
3444845 2 5440
3444845 1 5440
3444845 1 5440
3444845 1 5440
3444845 1 5440
3444845 1 5440
3444845 1 5440
3444845 1 5440
3444845 1 5440
3444845 1 5440
3444845 1 5440
3444845 1 5440
3444845 1 5440
3444845 4 5440
3444845 1 5440
3444845 1 5440
3444845 1 5440
3444845 1 5440
3444845 2 5440
3444845 1 5440
3444845 4 5440
3444845 1 5440
3444845 1 5440
3444845 4 5440
3444845 2 5440
3444845 1 5440
3444845 1 5440
3444845 1 5440
3444845 1 5440
3444845 2 5440
3444845 13 5440
3444845 4 5440
3444845 6 5440
3444845 1 5440
3444845 1 5440
3444845 5 5440
3444845 1 5440
3444845 1 5440
3444845 1 5440
3444845 1 5440
3444845 1 5440
3444845 5 5440
3444845 2 5440
3444845 3 5440
3444845 1 5440
3444845 1 5440
3444845 1 5440
3444845 2 5440
3444845 2 5440
3444845 1 5440
3444845 2 5440
3444845 5 5440
3444845 2 5440
3444845 1 5440
3444845 2 5440
3444845 8 5440
3444845 25 5440
3444845 1 5440
3444845 1 5440
3444845 3 5440
3444845 2 5440
3444845 1 5440
3444845 1 5440
3444845 1 5440
3444845 1 5440
3444845 1 5440
3444845 4 5440
3444845 2 5440
3444845 1 5440
3444845 1 5440
3444845 1 5440
3444845 5 5440
3444845 2 5440
3444845 1 5440
3444845 1 5440
3444845 1 5440
3444845 1 5440
3444845 2 5440
3444845 1 5440
3444845 2 5440
3444845 5 5440
3444845 1 5440
3444845 4 5440
3444845 1 5440
3444845 1 5440
3444845 1 5440
3444845 2 5440
3444845 1 5440
3444845 2 5440
3444845 1 5440
3444845 6 5440
3444845 1 5440
3444845 1 5440
3444845 6 5440
3444845 1 5440
3444845 1 5440
3444845 1 5440
3444845 1 5440
3444845 1 5440
3444845 1 5440
3444845 3 5440
3444845 1 5440
3444845 1 5440
3444845 1 5440
3444845 3 5440
3444845 2 5440
3444845 1 5440
3444845 1 5440
3444845 1 5440
3444845 1 5440
3444845 1 5440
3444845 6 5440
3444845 2 5440
3444845 1 5440
3444845 1 5440
3444845 1 5440
3444845 2 5440
3444845 1 5440
3444845 2 5440
3444845 1 5440
3444845 1 5440
3444845 3 5440
3444845 1 5440
3444845 1 5440
3444845 1 5440
3444845 1 5440
3444845 3 5440
3444845 3 5440
3444845 2 5440
3444845 1 5440
3444845 2 5440
3444845 3 5440
3444845 3 5440
3444845 7 5440
3444845 1 5440
3444845 1 5440
3444845 1 5440
3444845 4 5440
3444845 1 5440
3444845 6 5440
3444845 1 5440
3444845 1 5440
3444845 1 5440
3444845 1 5440
3444845 1 5440
3444845 1 5440
3444845 4 5440
3444845 4 5440
3444845 1 5440
3444845 1 5440
3444845 1 5440
3444845 3 5440
3444845 4 5440
3444845 1 5440
3444845 1 5440
3444845 1 5440
3444845 1 5440
3444845 1 5440
3444845 1 5440
3444845 1 5440
3444845 1 5440
3444845 1 5440
3444845 2 5440
3444845 6 5440
3444845 2 5440
3444845 3 5440
3444845 15 5440
3444845 1 5440
3444845 1 5440
3444845 1 5440
3444845 2 5440
3444845 3 5440
3444845 1 5440
