3632172 73 4330
3632172 10 4330
3632172 1 4330
3632172 2 4330
3632172 1 4330
3632172 1 4330
3632172 1 4330
3632172 1 4330
3632172 1 4330
3632172 1 4330
3632172 177 4330
3632172 45 4330
3632172 21 4330
3632172 1 4330
3632172 1 4330
3632172 2 4330
3632172 3 4330
3632172 6 4330
3632172 9 4330
3632172 1 4330
3632172 1 4330
3632172 1 4330
3632172 3 4330
3632172 1 4330
3632172 1 4330
3632172 1 4330
3632172 2 4330
3632172 15 4330
3632172 9 4330
3632172 2 4330
3632172 1 4330
3632172 1 4330
3632172 2 4330
3632172 4 4330
3632172 4 4330
3632172 6 4330
3632172 7 4330
3632172 18 4330
3632172 1 4330
3632172 1 4330
3632172 5 4330
3632172 1 4330
3632172 2 4330
3632172 1 4330
3632172 3 4330
3632172 2 4330
3632172 4 4330
3632172 1 4330
3632172 3 4330
3632172 6 4330
3632172 20 4330
3632172 2 4330
3632172 2 4330
3632172 1 4330
3632172 5 4330
3632172 1 4330
3632172 1 4330
3632172 1 4330
3632172 15 4330
3632172 11 4330
3632172 1 4330
3632172 1 4330
3632172 2 4330
3632172 1 4330
3632172 1 4330
3632172 2 4330
3632172 1 4330
3632172 1 4330
3632172 7 4330
3632172 1 4330
3632172 1 4330
3632172 5 4330
3632172 1 4330
3632172 1 4330
3632172 1 4330
3632172 2 4330
3632172 1 4330
3632172 2 4330
3632172 1 4330
3632172 3 4330
3632172 2 4330
3632172 1 4330
3632172 1 4330
3632172 1 4330
3632172 1 4330
3632172 1 4330
3632172 1 4330
3632172 2 4330
3632172 1 4330
3632172 1 4330
3632172 4 4330
3632172 11 4330
3632172 1 4330
3632172 2 4330
3632172 1 4330
3632172 1 4330
3632172 1 4330
3632172 1 4330
3632172 2 4330
3632172 1 4330
3632172 2 4330
3632172 1 4330
3632172 1 4330
3632172 1 4330
3632172 1 4330
3632172 2 4330
3632172 1 4330
3632172 1 4330
3632172 1 4330
3632172 2 4330
3632172 1 4330
3632172 1 4330
3632172 227 4330
3632172 18 4330
3632172 5 4330
3632172 1 4330
3632172 1 4330
3632172 1 4330
3632172 1 4330
3632172 1 4330
3632172 3 4330
3632172 3 4330
3632172 1 4330
3632172 3 4330
3632172 1 4330
3632172 6 4330
3632172 1 4330
3632172 2 4330
3632172 2 4330
3632172 1 4330
3632172 1 4330
3632172 1 4330
3632172 1 4330
3632172 1 4330
3632172 1 4330
3632172 1 4330
3632172 1 4330
3632172 1 4330
3632172 2 4330
3632172 1 4330
3632172 1 4330
3632172 1 4330
3632172 1 4330
3632172 8 4330
3632172 2 4330
3632172 1 4330
3632172 1 4330
3632172 1 4330
3632172 1 4330
3632172 4 4330
3632172 1 4330
3632172 1 4330
3632172 2 4330
3632172 1 4330
3632172 1 4330
3632172 1 4330
3632172 1 4330
3632172 1 4330
3632172 1 4330
3632172 2 4330
3632172 2 4330
3632172 1 4330
3632172 11 4330
3632172 1 4330
3632172 2 4330
3632172 1 4330
3632172 1 4330
3632172 1 4330
3632172 2 4330
3632172 1 4330
3632172 1 4330
3632172 11 4330
3632172 2 4330
3632172 1 4330
3632172 1 4330
3632172 1 4330
3632172 1 4330
3632172 2 4330
3632172 1 4330
3632172 1 4330
3632172 1 4330
3632172 1 4330
3632172 6 4330
3632172 1 4330
3632172 1 4330
3632172 1 4330
3632172 1 4330
3632172 1 4330
3632172 1 4330
3632172 1 4330
3632172 1 4330
3632172 1 4330
3632172 3 4330
3632172 1 4330
3632172 2 4330
3632172 1 4330
3632172 1 4330
3632172 1 4330
3632172 1 4330
3632172 1 4330
3632172 1 4330
3632172 1 4330
3632172 1 4330
3632172 7 4330
3632172 1 4330
3632172 1 4330
3632172 1 4330
3632172 1 4330
3632172 1 4330
3632172 1 4330
3632172 1 4330
3632172 1 4330
3632172 1 4330
3632172 4 4330
3632172 1 4330
3632172 1 4330
3632172 1 4330
3632172 1 4330
3632172 1 4330
3632172 1 4330
3632172 1 4330
3632172 1 4330
3632172 3 4330
3632172 62 4330
3632172 22 4330
3632172 3 4330
3632172 1 4330
3632172 1 4330
3632172 1 4330
3632172 1 4330
3632172 1 4330
3632172 1 4330
3632172 1 4330
3632172 1 4330
3632172 1 4330
3632172 1 4330
3632172 1 4330
3632172 2 4330
3632172 1 4330
3632172 2 4330
3632172 1 4330
3632172 1 4330
3632172 1 4330
3632172 1 4330
3632172 1 4330
3632172 2 4330
3632172 1 4330
3632172 1 4330
3632172 2 4330
3632172 1 4330
3632172 2 4330
3632172 1 4330
3632172 1 4330
3632172 2 4330
3632172 1 4330
3632172 1 4330
3632172 1 4330
3632172 1 4330
3632172 2 4330
3632172 2 4330
3632172 1 4330
3632172 1 4330
3632172 1 4330
3632172 1 4330
3632172 3 4330
3632172 1 4330
3632172 2 4330
3632172 1 4330
3632172 1 4330
3632172 1 4330
3632172 1 4330
3632172 1 4330
3632172 1 4330
3632172 1 4330
3632172 1 4330
3632172 9 4330
3632172 1 4330
3632172 1 4330
3632172 1 4330
3632172 1 4330
3632172 1 4330
3632172 1 4330
3632172 1 4330
3632172 1 4330
3632172 1 4330
3632172 1 4330
3632172 1 4330
3632172 1 4330
3632172 1 4330
3632172 1 4330
3632172 1 4330
3632172 1 4330
3632172 1 4330
3632172 1 4330
3632172 1 4330
3632172 1 4330
3632172 1 4330
3632172 1 4330
3632172 1 4330
3632172 1 4330
3632172 1 4330
3632172 1 4330
3632172 1 4330
3632172 1 4330
3632172 1 4330
3632172 1 4330
3632172 1 4330
3632172 1 4330
3632172 1 4330
3632172 1 4330
3632172 1 4330
3632172 1 4330
3632172 1 4330
3632172 1 4330
3632172 1 4330
3632172 2 4330
3632172 1 4330
3632172 2 4330
3632172 1 4330
3632172 1 4330
3632172 1 4330
3632172 1 4330
3632172 1 4330
3632172 1 4330
3632172 3 4330
3632172 4 4330
3632172 1 4330
3632172 36 4330
3632172 17 4330
3632172 2 4330
3632172 1 4330
3632172 1 4330
3632172 1 4330
3632172 1 4330
3632172 1 4330
3632172 1 4330
3632172 1 4330
3632172 1 4330
3632172 4 4330
3632172 3 4330
3632172 10 4330
3632172 2 4330
3632172 1 4330
3632172 2 4330
3632172 1 4330
3632172 2 4330
3632172 2 4330
3632172 1 4330
3632172 4 4330
3632172 1 4330
3632172 1 4330
3632172 1 4330
3632172 1 4330
3632172 1 4330
3632172 1 4330
3632172 1 4330
3632172 1 4330
3632172 1 4330
3632172 1 4330
3632172 3 4330
3632172 1 4330
3632172 1 4330
3632172 1 4330
3632172 1 4330
3632172 1 4330
3632172 1 4330
3632172 1 4330
3632172 1 4330
3632172 1 4330
3632172 1 4330
3632172 4 4330
3632172 1 4330
3632172 1 4330
3632172 1 4330
3632172 1 4330
3632172 1 4330
3632172 1 4330
3632172 1 4330
3632172 1 4330
3632172 2 4330
3632172 2 4330
3632172 8 4330
3632172 1 4330
3632172 1 4330
3632172 1 4330
3632172 1 4330
3632172 1 4330
3632172 1 4330
3632172 1 4330
3632172 1 4330
3632172 3 4330
3632172 1 4330
3632172 1 4330
3632172 1 4330
3632172 1 4330
3632172 1 4330
3632172 1 4330
3632172 1 4330
3632172 1 4330
3632172 4 4330
3632172 1 4330
3632172 1 4330
3632172 1 4330
3632172 1 4330
3632172 1 4330
3632172 1 4330
3632172 1 4330
3632172 1 4330
3632172 2 4330
3632172 2 4330
3632172 80 4330
3632172 19 4330
3632172 1 4330
3632172 1 4330
3632172 1 4330
3632172 3 4330
3632172 1 4330
3632172 5 4330
3632172 1 4330
3632172 1 4330
3632172 3 4330
3632172 3 4330
3632172 3 4330
3632172 70 4330
3632172 16 4330
3632172 1 4330
3632172 5 4330
3632172 3 4330
3632172 4 4330
3632172 3 4330
3632172 6 4330
3632172 1 4330
3632172 2 4330
3632172 2 4330
3632172 1 4330
3632172 3 4330
3632172 61 4330
3632172 11 4330
3632172 1 4330
3632172 1 4330
3632172 9 4330
3632172 5 4330
3632172 16 4330
3632172 1 4330
3632172 2 4330
3632172 1 4330
3632172 5 4330
3632172 7 4330
3632172 35 4330
3632172 20 4330
3632172 1 4330
3632172 4 4330
3632172 1 4330
3632172 5 4330
3632172 3 4330
3632172 3 4330
3632172 2 4330
3632172 2 4330
3632172 2 4330
3632172 3 4330
3632172 4 4330
3632172 7 4330
3632172 1 4330
3632172 19 4330
3632172 8 4330
3632172 2 4330
3632172 2 4330
3632172 3 4330
3632172 3 4330
3632172 6 4330
3632172 18 4330
3632172 1 4330
3632172 3 4330
3632172 1 4330
3632172 1 4330
3632172 1 4330
3632172 2 4330
3632172 155 4330
3632172 1 4330
3632172 1 4330
3632172 5 4330
3632172 1 4330
3632172 1 4330
3632172 16 4330
3632172 28 4330
3632172 2 4330
3632172 37 4330
3632172 4 4330
3632172 7 4330
3632172 3 4330
3632172 3 4330
3632172 1 4330
3632172 1 4330
3632172 5 4330
3632172 16 4330
3632172 1 4330
3632172 1 4330
3632172 2 4330
3632172 2 4330
3632172 1 4330
3632172 1 4330
3632172 1 4330
3632172 1 4330
3632172 1 4330
3632172 1 4330
3632172 3 4330
3632172 1 4330
3632172 2 4330
3632172 1 4330
3632172 2 4330
3632172 5 4330
3632172 1 4330
3632172 3 4330
3632172 1 4330
3632172 1 4330
3632172 1 4330
3632172 2 4330
3632172 1 4330
3632172 1 4330
3632172 1 4330
3632172 2 4330
3632172 8 4330
3632172 5 4330
3632172 1 4330
3632172 1 4330
3632172 1 4330
3632172 1 4330
3632172 1 4330
3632172 1 4330
3632172 1 4330
3632172 20 4330
3632172 4 4330
3632172 1 4330
3632172 1 4330
3632172 1 4330
3632172 3 4330
3632172 1 4330
3632172 1 4330
3632172 1 4330
3632172 1 4330
3632172 1 4330
3632172 1 4330
3632172 2 4330
3632172 1 4330
3632172 2 4330
3632172 1 4330
3632172 3 4330
3632172 2 4330
3632172 11 4330
3632172 1 4330
3632172 1 4330
3632172 1 4330
3632172 4 4330
3632172 2 4330
3632172 1 4330
3632172 2 4330
3632172 5 4330
3632172 20 4330
3632172 4 4330
3632172 1 4330
3632172 7 4330
3632172 1 4330
3632172 4 4330
3632172 1 4330
3632172 7 4330
3632172 4 4330
3632172 3 4330
3632172 3 4330
3632172 10 4330
3632172 19 4330
3632172 15 4330
3632172 6 4330
3632172 11 4330
3632172 11 4330
3632172 1 4330
3632172 2 4330
3632172 1 4330
3632172 1 4330
3632172 2 4330
3632172 1 4330
3632172 2 4330
3632172 5 4330
3632172 2 4330
3632172 1 4330
3632172 104 4330
3632172 1 4330
3632172 1 4330
3632172 1 4330
3632172 1 4330
3632172 2 4330
3632172 14 4330
3632172 2 4330
3632172 1 4330
3632172 3 4330
3632172 2 4330
3632172 2 4330
3632172 1 4330
3632172 1 4330
3632172 5 4330
3632172 1 4330
3632172 2 4330
3632172 1 4330
3632172 4 4330
3632172 1 4330
3632172 3 4330
3632172 1 4330
3632172 1 4330
3632172 2 4330
3632172 2 4330
3632172 8 4330
3632172 2 4330
3632172 1 4330
3632172 1 4330
3632172 2 4330
3632172 2 4330
3632172 1 4330
3632172 3 4330
3632172 3 4330
3632172 2 4330
3632172 7 4330
3632172 1 4330
3632172 2 4330
3632172 1 4330
3632172 3 4330
3632172 1 4330
3632172 1 4330
3632172 1 4330
3632172 1 4330
3632172 1 4330
3632172 2 4330
3632172 1 4330
3632172 1 4330
3632172 1 4330
3632172 2 4330
3632172 1 4330
3632172 5 4330
3632172 1 4330
3632172 1 4330
3632172 5 4330
3632172 1 4330
3632172 3 4330
3632172 3 4330
3632172 1 4330
3632172 4 4330
3632172 1 4330
3632172 2 4330
3632172 7 4330
3632172 13 4330
3632172 4 4330
3632172 1 4330
3632172 13 4330
3632172 2 4330
3632172 5 4330
3632172 1 4330
3632172 13 4330
3632172 9 4330
3632172 3 4330
3632172 1 4330
3632172 1 4330
3632172 2 4330
3632172 33 4330
3632172 5 4330
3632172 1 4330
3632172 1 4330
3632172 1 4330
3632172 2 4330
3632172 1 4330
3632172 1 4330
3632172 2 4330
3632172 1 4330
3632172 2 4330
3632172 1 4330
3632172 1 4330
3632172 44 4330
3632172 8 4330
3632172 3 4330
3632172 1 4330
3632172 1 4330
3632172 3 4330
3632172 1 4330
3632172 2 4330
3632172 4 4330
3632172 1 4330
3632172 1 4330
3632172 1 4330
3632172 1 4330
3632172 1 4330
3632172 1 4330
3632172 3 4330
3632172 2 4330
3632172 1 4330
3632172 1 4330
3632172 3 4330
3632172 4 4330
3632172 3 4330
3632172 4 4330
3632172 1 4330
3632172 2 4330
3632172 2 4330
3632172 1 4330
3632172 2 4330
3632172 1 4330
3632172 1 4330
3632172 1 4330
3632172 1 4330
3632172 1 4330
3632172 1 4330
3632172 4 4330
3632172 1 4330
3632172 1 4330
3632172 1 4330
3632172 1 4330
3632172 1 4330
3632172 1 4330
3632172 4 4330
3632172 14 4330
3632172 1 4330
3632172 3 4330
3632172 2 4330
3632172 4 4330
3632172 1 4330
3632172 3 4330
3632172 1 4330
3632172 2 4330
3632172 3 4330
3632172 13 4330
3632172 2 4330
3632172 3 4330
3632172 2 4330
3632172 2 4330
3632172 1 4330
3632172 1 4330
3632172 1 4330
3632172 1 4330
3632172 3 4330
3632172 1 4330
3632172 3 4330
3632172 3 4330
3632172 1 4330
3632172 2 4330
3632172 2 4330
3632172 1 4330
3632172 30 4330
3632172 1 4330
3632172 21 4330
3632172 1 4330
3632172 1 4330
3632172 1 4330
3632172 1 4330
3632172 2 4330
3632172 1 4330
3632172 1 4330
3632172 3 4330
3632172 1 4330
3632172 1 4330
3632172 1 4330
3632172 2 4330
3632172 1 4330
3632172 3 4330
3632172 5 4330
3632172 10 4330
3632172 1 4330
3632172 5 4330
3632172 1 4330
3632172 1 4330
3632172 1 4330
3632172 1 4330
3632172 1 4330
3632172 1 4330
3632172 2 4330
3632172 2 4330
3632172 16 4330
3632172 1 4330
3632172 1 4330
3632172 2 4330
3632172 1 4330
3632172 8 4330
3632172 1 4330
3632172 3 4330
3632172 4 4330
3632172 1 4330
3632172 2 4330
3632172 1 4330
3632172 1 4330
3632172 1 4330
3632172 2 4330
3632172 1 4330
3632172 1 4330
3632172 6 4330
3632172 7 4330
3632172 1 4330
3632172 6 4330
3632172 1 4330
3632172 1 4330
3632172 3 4330
3632172 2 4330
3632172 6 4330
3632172 1 4330
3632172 1 4330
3632172 12 4330
3632172 11 4330
3632172 2 4330
3632172 2 4330
3632172 1 4330
3632172 1 4330
3632172 5 4330
3632172 2 4330
3632172 3 4330
3632172 1 4330
3632172 1 4330
3632172 2 4330
3632172 1 4330
3632172 3 4330
3632172 1 4330
3632172 1 4330
3632172 1 4330
3632172 1 4330
3632172 7 4330
3632172 1 4330
3632172 1 4330
3632172 4 4330
3632172 6 4330
3632172 1 4330
3632172 1 4330
3632172 1 4330
3632172 1 4330
3632172 4 4330
3632172 4 4330
3632172 1 4330
3632172 5 4330
3632172 1 4330
3632172 4 4330
3632172 1 4330
3632172 2 4330
3632172 1 4330
3632172 1 4330
3632172 1 4330
3632172 1 4330
3632172 6 4330
3632172 1 4330
3632172 2 4330
3632172 47 4330
3632172 1 4330
3632172 7 4330
3632172 2 4330
3632172 1 4330
3632172 1 4330
3632172 2 4330
3632172 2 4330
3632172 2 4330
3632172 1 4330
3632172 1 4330
3632172 5 4330
3632172 1 4330
3632172 1 4330
3632172 1 4330
3632172 2 4330
3632172 1 4330
3632172 4 4330
3632172 1 4330
3632172 3 4330
3632172 2 4330
3632172 2 4330
3632172 1 4330
3632172 14 4330
3632172 23 4330
3632172 1 4330
3632172 1 4330
3632172 1 4330
3632172 1 4330
3632172 3 4330
3632172 2 4330
3632172 1 4330
3632172 1 4330
3632172 1 4330
3632172 1 4330
3632172 3 4330
3632172 1 4330
3632172 2 4330
3632172 9 4330
3632172 6 4330
3632172 1 4330
3632172 2 4330
3632172 2 4330
3632172 4 4330
3632172 1 4330
3632172 1 4330
3632172 3 4330
3632172 1 4330
3632172 1 4330
3632172 5 4330
3632172 2 4330
3632172 1 4330
3632172 1 4330
3632172 2 4330
3632172 1 4330
3632172 2 4330
3632172 1 4330
3632172 4 4330
3632172 1 4330
3632172 2 4330
3632172 3 4330
3632172 2 4330
3632172 1 4330
3632172 3 4330
3632172 3 4330
3632172 4 4330
3632172 7 4330
3632172 2 4330
3632172 3 4330
3632172 1 4330
3632172 1 4330
3632172 2 4330
3632172 1 4330
3632172 1 4330
3632172 1 4330
3632172 1 4330
3632172 1 4330
3632172 2 4330
3632172 1 4330
3632172 2 4330
3632172 3 4330
3632172 12 4330
3632172 3 4330
3632172 1 4330
3632172 1 4330
3632172 2 4330
3632172 1 4330
3632172 1 4330
3632172 4 4330
3632172 2 4330
3632172 1 4330
3632172 1 4330
3632172 2 4330
3632172 1 4330
3632172 1 4330
3632172 1 4330
3632172 1 4330
3632172 10 4330
3632172 2 4330
3632172 4 4330
3632172 8 4330
3632172 4 4330
3632172 8 4330
3632172 1 4330
3632172 2 4330
3632172 6 4330
3632172 2 4330
3632172 1 4330
3632172 1 4330
3632172 2 4330
3632172 31 4330
3632172 1 4330
3632172 1 4330
3632172 11 4330
3632172 4 4330
3632172 1 4330
3632172 3 4330
3632172 3 4330
3632172 2 4330
3632172 3 4330
3632172 1 4330
3632172 5 4330
3632172 1 4330
3632172 1 4330
3632172 1 4330
3632172 2 4330
3632172 1 4330
3632172 2 4330
3632172 2 4330
3632172 1 4330
3632172 3 4330
3632172 1 4330
3632172 3 4330
3632172 1 4330
3632172 2 4330
3632172 1 4330
3632172 2 4330
3632172 1 4330
3632172 1 4330
3632172 6 4330
3632172 1 4330
3632172 3 4330
3632172 3 4330
3632172 4 4330
3632172 1 4330
3632172 1 4330
3632172 1 4330
3632172 1 4330
3632172 1 4330
3632172 1 4330
3632172 1 4330
3632172 4 4330
3632172 2 4330
3632172 1 4330
3632172 2 4330
3632172 1 4330
3632172 1 4330
3632172 4 4330
3632172 10 4330
3632172 8 4330
3632172 2 4330
3632172 13 4330
3632172 1 4330
3632172 1 4330
3632172 1 4330
3632172 1 4330
3632172 1 4330
3632172 6 4330
3632172 1 4330
3632172 1 4330
3632172 44 4330
3632172 2 4330
3632172 1 4330
3632172 1 4330
3632172 2 4330
3632172 3 4330
3632172 3 4330
3632172 2 4330
3632172 1 4330
3632172 1 4330
3632172 2 4330
3632172 1 4330
3632172 1 4330
3632172 1 4330
3632172 1 4330
3632172 1 4330
3632172 3 4330
3632172 1 4330
3632172 4 4330
3632172 1 4330
3632172 1 4330
3632172 2 4330
3632172 1 4330
3632172 1 4330
3632172 1 4330
3632172 20 4330
3632172 1 4330
3632172 39 4330
3632172 2 4330
3632172 2 4330
3632172 1 4330
3632172 3 4330
3632172 1 4330
3632172 1 4330
3632172 2 4330
3632172 1 4330
3632172 1 4330
3632172 2 4330
3632172 19 4330
3632172 2 4330
3632172 1 4330
3632172 3 4330
3632172 3 4330
3632172 7 4330
3632172 1 4330
3632172 1 4330
3632172 1 4330
3632172 1 4330
3632172 1 4330
3632172 1 4330
3632172 1 4330
3632172 1 4330
3632172 1 4330
3632172 2 4330
3632172 1 4330
3632172 1 4330
3632172 1 4330
3632172 1 4330
3632172 3 4330
3632172 2 4330
3632172 1 4330
3632172 1 4330
3632172 1 4330
3632172 2 4330
3632172 1 4330
3632172 1 4330
3632172 4 4330
3632172 1 4330
3537269 1 4219
3632172 1 4330
3632172 2 4330
3632172 2 4330
3632172 2 4330
3632172 2 4330
3632172 1 4330
3632172 2 4330
3632172 5 4330
3632172 10 4330
3632172 1 4330
3632172 1 4330
3632172 3 4330
3632172 1 4330
3632172 1 4330
3632172 1 4330
3632172 1 4330
3632172 3 4330
3632172 1 4330
3632172 4 4330
3632172 1 4330
3632172 1 4330
3632172 1 4330
3632172 1 4330
3632172 1 4330
3632172 2 4330
3632172 1 4330
3632172 4 4330
3632172 1 4330
3632172 2 4330
3632172 39 4330
3632172 2 4330
3632172 1 4330
3632172 1 4330
3632172 7 4330
3632172 2 4330
3632172 2 4330
3632172 1 4330
3632172 1 4330
3632172 1 4330
3632172 3 4330
3632172 17 4330
3632172 1 4330
3632172 2 4330
3632172 1 4330
3632172 1 4330
3632172 9 4330
3632172 8 4330
3632172 7 4330
3632172 1 4330
3632172 1 4330
3632172 1 4330
3632172 1 4330
3632172 7 4330
3632172 3 4330
3632172 2 4330
3632172 2 4330
3632172 2 4330
3632172 1 4330
3632172 2 4330
3632172 1 4330
3632172 1 4330
3632172 1 4330
3632172 1 4330
3632172 8 4330
3632172 1 4330
3632172 2 4330
3632172 1 4330
3632172 1 4330
3632172 1 4330
3632172 3 4330
3632172 12 4330
3632172 17 4330
3632172 7 4330
3632172 1 4330
3632172 1 4330
3632172 1 4330
3632172 14 4330
3632172 4 4330
3632172 1 4330
3632172 1 4330
3632172 1 4330
3632172 4 4330
3632172 1 4330
3632172 1 4330
3632172 4 4330
3632172 2 4330
3632172 1 4330
3632172 1 4330
3632172 2 4330
3632172 1 4330
3632172 1 4330
3632172 3 4330
3632172 1 4330
3632172 2 4330
3632172 3 4330
3632172 2 4330
3632172 1 4330
3632172 1 4330
3632172 20 4330
3632172 27 4330
3632172 3 4330
3632172 13 4330
3632172 3 4330
3632172 4 4330
3632172 4 4330
3632172 1 4330
3632172 1 4330
3632172 1 4330
3632172 1 4330
3632172 1 4330
3632172 9 4330
3632172 1 4330
3632172 3 4330
3632172 27 4330
3632172 1 4330
3632172 1 4330
3632172 17 4330
3632172 1 4330
3632172 3 4330
3632172 5 4330
3632172 1 4330
3632172 21 4330
3632172 19 4330
3632172 1 4330
3632172 2 4330
3632172 5 4330
3632172 2 4330
3632172 1 4330
3632172 1 4330
3632172 5 4330
3632172 5 4330
3632172 4 4330
3632172 1 4330
3632172 3 4330
3632172 2 4330
3632172 6 4330
3632172 3 4330
3632172 5 4330
3632172 2 4330
3632172 1 4330
3632172 7 4330
3632172 3 4330
3632172 4 4330
3632172 4 4330
3632172 1 4330
3632172 14 4330
3632172 1 4330
3632172 4 4330
3632172 14 4330
3632172 2 4330
3632172 67 4330
3632172 10 4330
3632172 1 4330
3632172 2 4330
3632172 5 4330
3632172 13 4330
3632172 1 4330
3632172 1 4330
3632172 1 4330
3632172 6 4330
3632172 1 4330
3632172 5 4330
3632172 7 4330
3632172 2 4330
3632172 1 4330
3632172 83 4330
3632172 2 4330
3632172 2 4330
3632172 22 4330
3632172 1 4330
3632172 1 4330
3632172 1 4330
3632172 1 4330
3632172 5 4330
3632172 1 4330
3632172 1 4330
3632172 1 4330
3632172 1 4330
3632172 1 4330
3632172 1 4330
3632172 1 4330
3632172 2 4330
3632172 3 4330
3632172 1 4330
3632172 1 4330
3632172 1 4330
3632172 15 4330
3632172 12 4330
3632172 4 4330
3632172 1 4330
3632172 1 4330
3632172 1 4330
3632172 1 4330
3632172 1 4330
3632172 1 4330
3632172 1 4330
3632172 1 4330
3632172 1 4330
3632172 6 4330
3632172 3 4330
3632172 2 4330
3632172 1 4330
3632172 1 4330
3632172 1 4330
3632172 2 4330
3632172 4 4330
3632172 3 4330
3632172 2 4330
3632172 4 4330
3632172 18 4330
3632172 21 4330
3632172 1 4330
3632172 1 4330
3632172 1 4330
3632172 1 4330
3632172 2 4330
3632172 2 4330
3632172 2 4330
3632172 1 4330
3632172 1 4330
3632172 4 4330
3632172 1 4330
3632172 7 4330
3632172 10 4330
3632172 1 4330
3632172 1 4330
3632172 2 4330
3632172 4 4330
3632172 3 4330
3632172 2 4330
3632172 1 4330
3632172 2 4330
3632172 1 4330
3632172 7 4330
3632172 1 4330
3632172 2 4330
3632172 6 4330
3632172 1 4330
3632172 1 4330
3632172 2 4330
3632172 1 4330
3632172 6 4330
3632172 2 4330
3632172 1 4330
3632172 1 4330
3632172 1 4330
3632172 1 4330
3632172 16 4330
3632172 4 4330
3632172 2 4330
3632172 1 4330
3632172 1 4330
3632172 4 4330
3632172 1 4330
3632172 2 4330
3632172 8 4330
3632172 4 4330
3632172 1 4330
3632172 1 4330
3632172 29 4330
3632172 3 4330
3632172 1 4330
3632172 2 4330
3632172 1 4330
3632172 1 4330
3632172 1 4330
3632172 1 4330
3632172 2 4330
3632172 3 4330
3632172 25 4330
3632172 2 4330
3632172 2 4330
3632172 2 4330
3632172 1 4330
3632172 13 4330
3632172 4 4330
3632172 1 4330
3632172 26 4330
3632172 1 4330
3632172 6 4330
3632172 2 4330
3632172 1 4330
3632172 2 4330
3632172 7 4330
3632172 1 4330
3632172 2 4330
3632172 1 4330
3632172 2 4330
3632172 1 4330
3632172 21 4330
3632172 4 4330
3632172 1 4330
3632172 2 4330
3632172 3 4330
3632172 1 4330
3632172 1 4330
3632172 2 4330
3632172 1 4330
3632172 4 4330
3632172 2 4330
3632172 2 4330
3632172 1 4330
3632172 1 4330
3632172 1 4330
3632172 4 4330
3632172 1 4330
3632172 3 4330
3632172 1 4330
3632172 20 4330
3632172 4 4330
3632172 9 4330
3632172 2 4330
3632172 1 4330
3632172 5 4330
3632172 3 4330
3632172 3 4330
3632172 2 4330
3632172 1 4330
3632172 1 4330
3632172 4 4330
3632172 1 4330
3632172 1 4330
3632172 1 4330
3632172 2 4330
3632172 1 4330
3632172 1 4330
3632172 4 4330
3632172 2 4330
3632172 1 4330
3632172 3 4330
3632172 1 4330
3632172 7 4330
3632172 2 4330
3632172 3 4330
3632172 5 4330
3632172 2 4330
3632172 47 4330
3632172 20 4330
3632172 2 4330
3632172 6 4330
3632172 3 4330
3632172 1 4330
3632172 3 4330
3632172 5 4330
3632172 7 4330
3632172 2 4330
3632172 1 4330
3632172 8 4330
3632172 5 4330
3632172 1 4330
3632172 1 4330
3632172 2 4330
3632172 6 4330
3632172 1 4330
3632172 34 4330
3632172 33 4330
3632172 1 4330
3632172 1 4330
3632172 3 4330
3632172 1 4330
3632172 2 4330
3632172 1 4330
3632172 1 4330
3632172 7 4330
3632172 2 4330
3632172 1 4330
3632172 1 4330
3632172 1 4330
3632172 3 4330
3632172 1 4330
3632172 5 4330
3632172 1 4330
3632172 1 4330
3632172 1 4330
3632172 8 4330
3632172 123 4330
3632172 1 4330
3632172 11 4330
3632172 2 4330
3632172 3 4330
3632172 2 4330
3632172 1 4330
3632172 1 4330
3632172 1 4330
3632172 1 4330
3632172 3 4330
3632172 1 4330
3632172 1 4330
3632172 1 4330
3632172 1 4330
3632172 3 4330
3632172 2 4330
3632172 1 4330
3632172 1 4330
3632172 3 4330
3632172 1 4330
3632172 9 4330
3632172 1 4330
3632172 1 4330
3632172 1 4330
3632172 1 4330
3632172 1 4330
3632172 1 4330
3632172 2 4330
3632172 2 4330
3632172 5 4330
3632172 3 4330
3632172 2 4330
3632172 1 4330
3632172 1 4330
3632172 1 4330
3632172 1 4330
3632172 1 4330
3632172 5 4330
3632172 27 4330
3632172 1 4330
3632172 7 4330
3632172 1 4330
3632172 1 4330
3632172 1 4330
3632172 47 4330
3632172 174 4330
3632172 3 4330
3632172 2 4330
3632172 2 4330
3632172 2 4330
3632172 1 4330
3632172 1 4330
3632172 4 4330
3632172 1 4330
3632172 2 4330
3632172 14 4330
3632172 9 4330
3632172 1 4330
3632172 1 4330
3632172 2 4330
3632172 1 4330
3632172 1 4330
3632172 6 4330
3632172 1 4330
3632172 1 4330
3632172 1 4330
3632172 2 4330
3632172 1 4330
3632172 1 4330
3632172 1 4330
3632172 8 4330
3632172 6 4330
3632172 1 4330
3632172 2 4330
3632172 4 4330
3632172 2 4330
3632172 1 4330
3632172 1 4330
3632172 5 4330
3632172 4 4330
3632172 1 4330
3632172 1 4330
3632172 9 4330
3632172 3 4330
3632172 4 4330
3632172 5 4330
3632172 1 4330
3632172 1 4330
3632172 1 4330
3632172 1 4330
3632172 12 4330
3632172 4 4330
3632172 4 4330
3632172 58 4330
3632172 1 4330
3632172 1 4330
3632172 1 4330
3632172 3 4330
3632172 1 4330
3632172 65 4330
3632172 1 4330
3632172 21 4330
3632172 1 4330
3632172 2 4330
3632172 2 4330
3632172 1 4330
3632172 1 4330
3632172 2 4330
3632172 5 4330
3632172 5 4330
3632172 1 4330
3632172 3 4330
3632172 1 4330
3632172 2 4330
3632172 1 4330
3632172 3 4330
3632172 16 4330
3632172 2 4330
3632172 62 4330
3632172 8 4330
3632172 4 4330
3632172 6 4330
3632172 1 4330
3632172 2 4330
3632172 6 4330
3632172 2 4330
3632172 1 4330
3632172 2 4330
3632172 2 4330
3632172 1 4330
3632172 1 4330
3632172 2 4330
3632172 1 4330
3632172 1 4330
3632172 14 4330
3632172 1 4330
3632172 1 4330
3632172 12 4330
3632172 3 4330
3632172 1 4330
3632172 2 4330
3632172 2 4330
3632172 2 4330
3632172 1 4330
3632172 2 4330
3632172 1 4330
3632172 1 4330
3632172 1 4330
3632172 1 4330
3632172 14 4330
3632172 2 4330
3632172 5 4330
3632172 1 4330
3632172 1 4330
3632172 1 4330
3632172 3 4330
3632172 1 4330
3632172 2 4330
3632172 18 4330
3632172 6 4330
3632172 1 4330
3632172 5 4330
3632172 9 4330
3632172 4 4330
3632172 13 4330
3632172 5 4330
3632172 2 4330
3632172 26 4330
3632172 2 4330
3632172 2 4330
3632172 1 4330
3632172 3 4330
3632172 1 4330
3632172 1 4330
3632172 2 4330
3632172 1 4330
3632172 1 4330
3632172 6 4330
3632172 2 4330
3632172 1 4330
3632172 1 4330
3632172 65 4330
3632172 1 4330
3632172 7 4330
3632172 10 4330
3632172 3 4330
3632172 1 4330
3632172 18 4330
3632172 2 4330
3632172 1 4330
3632172 1 4330
3632172 1 4330
3632172 10 4330
3632172 1 4330
3632172 3 4330
3632172 2 4330
3632172 1 4330
3632172 4 4330
3632172 1 4330
3632172 4 4330
3632172 1 4330
3632172 2 4330
3632172 2 4330
3632172 1 4330
3632172 1 4330
3632172 9 4330
3632172 24 4330
3632172 2 4330
3632172 2 4330
3632172 11 4330
3632172 2 4330
3632172 1 4330
3632172 1 4330
3632172 1 4330
3632172 2 4330
3632172 14 4330
3632172 1 4330
3632172 1 4330
3632172 1 4330
3632172 2 4330
3632172 2 4330
3632172 1 4330
3632172 1 4330
3632172 2 4330
3632172 3 4330
3632172 1 4330
3632172 2 4330
3632172 1 4330
3632172 3 4330
3632172 1 4330
3632172 14 4330
3632172 2 4330
3632172 1 4330
3632172 2 4330
3632172 9 4330
3632172 4 4330
3632172 32 4330
3632172 1 4330
3632172 1 4330
3632172 2 4330
3632172 5 4330
3632172 1 4330
3632172 3 4330
3632172 2 4330
3632172 1 4330
3632172 1 4330
3632172 2 4330
3632172 2 4330
3632172 1 4330
3632172 5 4330
3632172 2 4330
3632172 1 4330
3632172 2 4330
3632172 4 4330
3632172 2 4330
3632172 1 4330
3632172 3 4330
3632172 2 4330
3632172 4 4330
3632172 3 4330
3632172 2 4330
3632172 1 4330
3632172 2 4330
3632172 1 4330
3632172 14 4330
3632172 2 4330
3632172 3 4330
3632172 3 4330
3632172 2 4330
3632172 1 4330
3632172 1 4330
3632172 2 4330
3632172 1 4330
3632172 128 4330
3632172 12 4330
3632172 3 4330
3632172 1 4330
3632172 5 4330
3632172 1 4330
3632172 1 4330
3632172 1 4330
3632172 3 4330
3632172 1 4330
3632172 1 4330
3632172 2 4330
3632172 1 4330
3632172 7 4330
3632172 1 4330
3632172 2 4330
3632172 2 4330
3632172 1 4330
3632172 12 4330
3632172 1 4330
3632172 4 4330
3632172 6 4330
3632172 2 4330
3632172 6 4330
3632172 5 4330
3632172 6 4330
3632172 1 4330
3632172 23 4330
3632172 1 4330
3632172 5 4330
3632172 3 4330
3632172 4 4330
3632172 10 4330
3632172 1 4330
3632172 1 4330
3632172 1 4330
3632172 2 4330
3632172 1 4330
3632172 2 4330
3632172 1 4330
3632172 4 4330
3632172 1 4330
3632172 2 4330
3632172 1 4330
3632172 13 4330
3632172 1 4330
3632172 2 4330
3632172 26 4330
3632172 2 4330
3632172 6 4330
3632172 7 4330
3632172 1 4330
3632172 1 4330
3632172 1 4330
3632172 3 4330
3632172 2 4330
3632172 1 4330
3632172 1 4330
3632172 3 4330
3632172 1 4330
3632172 2 4330
3632172 1 4330
3632172 1 4330
3632172 1 4330
3632172 11 4330
3632172 3 4330
3632172 1 4330
3632172 5 4330
3632172 78 4330
3632172 10 4330
3632172 1 4330
3632172 5 4330
3632172 3 4330
3632172 23 4330
3632172 1 4330
3632172 1 4330
3632172 1 4330
3632172 38 4330
3632172 5 4330
3632172 15 4330
3632172 2 4330
3632172 1 4330
3632172 1 4330
3632172 1 4330
3632172 3 4330
3632172 3 4330
3632172 4 4330
3632172 5 4330
3632172 7 4330
3632172 1 4330
3632172 1 4330
3632172 9 4330
3632172 11 4330
3632172 1 4330
3632172 1 4330
3632172 1 4330
3632172 2 4330
3632172 2 4330
3632172 1 4330
3632172 4 4330
3632172 2 4330
3632172 2 4330
3632172 9 4330
3632172 1 4330
3632172 2 4330
3632172 1 4330
3632172 2 4330
3632172 3 4330
3632172 1 4330
3632172 5 4330
3632172 2 4330
3632172 2 4330
3632172 5 4330
3632172 1 4330
3632172 1 4330
3632172 1 4330
3632172 1 4330
3632172 3 4330
3632172 1 4330
3632172 1 4330
3632172 9 4330
3632172 2 4330
3632172 4 4330
3632172 1 4330
3632172 3 4330
3632172 26 4330
3632172 1 4330
3632172 1 4330
3632172 2 4330
3632172 1 4330
3632172 1 4330
3632172 1 4330
3632172 2 4330
3632172 6 4330
3632172 5 4330
3632172 1 4330
3632172 1 4330
3632172 1 4330
3632172 1 4330
3632172 1 4330
3632172 1 4330
3632172 1 4330
3632172 2 4330
3632172 1 4330
3632172 8 4330
3632172 2 4330
3632172 3 4330
3632172 1 4330
3632172 3 4330
3632172 1 4330
3632172 1 4330
3632172 1 4330
3632172 1 4330
3632172 8 4330
3632172 2 4330
3632172 2 4330
3632172 4 4330
3632172 6 4330
3632172 1 4330
3632172 1 4330
3632172 2 4330
3632172 3 4330
3632172 3 4330
3632172 1 4330
3632172 2 4330
3632172 1 4330
3632172 7 4330
3632172 8 4330
3632172 15 4330
3632172 18 4330
3632172 3 4330
3632172 2 4330
3632172 2 4330
3632172 4 4330
3632172 1 4330
3632172 631 4330
3632172 1 4330
3632172 63 4330
3632172 4 4330
3632172 24 4330
3632172 2 4330
3632172 3 4330
3632172 65 4330
3632172 25 4330
3632172 3 4330
3632172 4 4330
3632172 5 4330
3632172 1 4330
3632172 1 4330
3632172 18 4330
3632172 16 4330
3632172 8 4330
3632172 1 4330
3632172 10 4330
3632172 4 4330
3632172 11 4330
3632172 5 4330
3632172 1 4330
3632172 9 4330
3632172 2 4330
3632172 1 4330
3632172 1 4330
3632172 1 4330
3632172 1 4330
3632172 6 4330
3632172 1 4330
3632172 2 4330
3632172 1 4330
3632172 4 4330
3632172 2 4330
3632172 1 4330
3632172 2 4330
3632172 1 4330
3632172 1 4330
3632172 1 4330
3632172 21 4330
3632172 2 4330
3632172 1 4330
3632172 1 4330
3632172 1 4330
3632172 2 4330
3632172 1 4330
3632172 1 4330
3632172 1 4330
3632172 2 4330
3632172 1 4330
3632172 2 4330
3632172 3 4330
3632172 1 4330
3632172 8 4330
3632172 69 4330
3632172 7 4330
3632172 3 4330
3632172 2 4330
3632172 1 4330
3632172 1 4330
3632172 1 4330
3632172 2 4330
3632172 1 4330
3632172 2 4330
3632172 3 4330
3632172 1 4330
3632172 1 4330
3632172 1 4330
3632172 5 4330
3632172 5 4330
3632172 1 4330
3632172 2 4330
3632172 2 4330
3632172 6 4330
3632172 2 4330
3632172 1 4330
3632172 1 4330
3632172 1 4330
3632172 18 4330
3632172 16 4330
3632172 2 4330
3632172 1 4330
3632172 1 4330
3632172 1 4330
3632172 1 4330
3632172 1 4330
3632172 2 4330
3632172 1 4330
3632172 2 4330
3632172 9 4330
3632172 10 4330
3632172 11 4330
3632172 18 4330
3632172 1 4330
3632172 1 4330
3632172 20 4330
3632172 1 4330
3632172 1 4330
3632172 2 4330
3632172 11 4330
3632172 12 4330
3632172 2 4330
3632172 4 4330
3632172 3 4330
3632172 1 4330
3632172 22 4330
3632172 3 4330
3632172 8 4330
3632172 7 4330
3632172 2 4330
3632172 2 4330
3632172 22 4330
3632172 1 4330
3632172 2 4330
3632172 1 4330
3632172 12 4330
3632172 37 4330
3632172 3 4330
3632172 10 4330
3632172 34 4330
3632172 1 4330
3632172 12 4330
3632172 1 4330
3632172 1 4330
3632172 2 4330
3632172 3 4330
3632172 1 4330
3632172 1 4330
3632172 2 4330
3632172 1 4330
3632172 2 4330
3632172 3 4330
3632172 1 4330
3632172 1 4330
3632172 1 4330
3632172 6 4330
3632172 1 4330
3632172 2 4330
3632172 1 4330
3632172 1 4330
3632172 1 4330
3632172 1 4330
3632172 1 4330
3632172 1 4330
3632172 1 4330
3632172 1 4330
3632172 3 4330
3632172 6 4330
3632172 1 4330
3632172 8 4330
3632172 1 4330
3632172 1 4330
3632172 2 4330
3632172 2 4330
3632172 1 4330
3632172 5 4330
3632172 1 4330
3632172 1 4330
3632172 1 4330
3632172 1 4330
3632172 3 4330
3632172 1 4330
3632172 1 4330
3632172 6 4330
3632172 1 4330
3632172 10 4330
3632172 2 4330
3632172 1 4330
3632172 1 4330
3632172 1 4330
3632172 2 4330
3632172 1 4330
3632172 1 4330
3632172 3 4330
3632172 1 4330
3632172 1 4330
3632172 1 4330
3632172 2 4330
3632172 4 4330
3632172 1 4330
3632172 8 4330
3632172 1 4330
3632172 1 4330
3632172 3 4330
3632172 1 4330
3632172 1 4330
3632172 1 4330
3632172 1 4330
3632172 1 4330
3632172 2 4330
3632172 1 4330
3632172 2 4330
3632172 3 4330
3632172 2 4330
3632172 2 4330
3632172 15 4330
3632172 6 4330
3632172 2 4330
3632172 3 4330
3632172 5 4330
3632172 3 4330
3632172 1 4330
3632172 2 4330
3632172 3 4330
3632172 1 4330
3632172 1 4330
3632172 1 4330
3632172 1 4330
3632172 1 4330
3632172 7 4330
3632172 3 4330
3632172 3 4330
3632172 15 4330
3632172 1 4330
3632172 2 4330
3632172 7 4330
3632172 1 4330
3632172 5 4330
3632172 4 4330
3632172 2 4330
3632172 5 4330
3632172 7 4330
3632172 2 4330
3632172 10 4330
3632172 9 4330
3632172 34 4330
3632172 76 4330
3632172 1 4330
3632172 1 4330
3632172 1 4330
3632172 1 4330
3632172 6 4330
3632172 21 4330
3632172 5 4330
3632172 1 4330
3632172 3 4330
3632172 1 4330
3632172 5 4330
3632172 1 4330
3632172 2 4330
3632172 1 4330
3632172 1 4330
3632172 3 4330
3632172 8 4330
3632172 3 4330
3632172 1 4330
3632172 1 4330
3632172 1 4330
3632172 1 4330
3632172 10 4330
3632172 1 4330
3632172 36 4330
3632172 1 4330
3632172 1 4330
3632172 2 4330
3632172 1 4330
3632172 5 4330
3632172 1 4330
3632172 1 4330
3632172 1 4330
3632172 2 4330
3632172 7 4330
3632172 1 4330
3632172 2 4330
3632172 3 4330
3632172 4 4330
3632172 6 4330
3632172 11 4330
3632172 1 4330
3632172 1 4330
3632172 2 4330
3632172 7 4330
3632172 2 4330
3632172 1 4330
3632172 1 4330
3632172 2 4330
3632172 1 4330
3632172 2 4330
3632172 1 4330
3632172 4 4330
3632172 2 4330
3632172 3 4330
3632172 2 4330
3632172 2 4330
3632172 1 4330
3632172 2 4330
3632172 20 4330
3632172 5 4330
3632172 1 4330
3632172 1 4330
3632172 1 4330
3632172 4 4330
3632172 1 4330
3632172 1 4330
3632172 1 4330
3632172 2 4330
3632172 5 4330
3632172 14 4330
3632172 64 4330
3632172 2 4330
3632172 3 4330
3632172 1 4330
3632172 14 4330
3632172 1 4330
3632172 3 4330
3632172 3 4330
3632172 3 4330
3632172 2 4330
3632172 2 4330
3632172 23 4330
3632172 1 4330
3632172 2 4330
3632172 1 4330
3632172 15 4330
3632172 21 4330
3632172 3 4330
3632172 1 4330
3632172 5 4330
3632172 1 4330
3632172 1 4330
3632172 1 4330
3632172 3 4330
3632172 4 4330
3632172 1 4330
3632172 1 4330
3632172 2 4330
3632172 1 4330
3632172 1 4330
3632172 5 4330
3632172 1 4330
3632172 1 4330
3632172 4 4330
3632172 4 4330
3632172 1 4330
3632172 2 4330
3632172 5 4330
3632172 1 4330
3632172 1 4330
3632172 6 4330
3632172 1 4330
3632172 1 4330
3632172 1 4330
3632172 1 4330
3632172 1 4330
3632172 4 4330
3632172 1 4330
3632172 4 4330
3632172 9 4330
3632172 1 4330
3632172 1 4330
3632172 1 4330
3632172 3 4330
3632172 1 4330
3632172 1 4330
3632172 1 4330
3632172 1 4330
3632172 1 4330
3632172 1 4330
3632172 1 4330
3632172 2 4330
3632172 2 4330
3632172 4 4330
3632172 1 4330
3632172 1 4330
3632172 2 4330
3632172 1 4330
3632172 37 4330
3632172 5 4330
3632172 4 4330
3632172 32 4330
3632172 3 4330
3632172 4 4330
3632172 3 4330
3632172 5 4330
3632172 3 4330
3632172 1 4330
3632172 9 4330
3632172 1 4330
3632172 1 4330
3632172 1 4330
3632172 23 4330
3632172 1 4330
3632172 1 4330
3632172 1 4330
3632172 3 4330
3632172 6 4330
3632172 1 4330
3632172 1 4330
3632172 1 4330
3632172 1 4330
3632172 2 4330
3632172 1 4330
3632172 1 4330
3632172 2 4330
3632172 5 4330
3632172 19 4330
3632172 17 4330
3632172 7 4330
3632172 1 4330
3632172 2 4330
3632172 1 4330
3632172 2 4330
3632172 1 4330
3632172 3 4330
3632172 15 4330
3632172 6 4330
3632172 2 4330
3632172 2 4330
3632172 1 4330
3632172 1 4330
3632172 8 4330
3632172 3 4330
3632172 2 4330
3632172 1 4330
3632172 1 4330
3632172 5 4330
3632172 1 4330
3632172 5 4330
3632172 4 4330
3632172 2 4330
3632172 1 4330
3632172 18 4330
3632172 1 4330
3632172 1 4330
3632172 1 4330
3632172 18 4330
3632172 1 4330
3632172 4 4330
3632172 1 4330
3632172 1 4330
3632172 5 4330
3632172 3 4330
3632172 1 4330
3632172 1 4330
3632172 1 4330
3632172 3 4330
3632172 2 4330
3632172 2 4330
3632172 149 4330
3632172 1 4330
3632172 4 4330
3632172 1 4330
3632172 2 4330
3632172 19 4330
3632172 109 4330
3632172 22 4330
3632172 65 4330
3632172 6 4330
3632172 7 4330
3632172 2 4330
3632172 1 4330
3632172 1 4330
3632172 1 4330
3632172 4 4330
3632172 21 4330
3632172 3 4330
3632172 3 4330
3632172 1 4330
3632172 1 4330
3632172 25 4330
3632172 14 4330
3632172 1 4330
3632172 2 4330
3632172 10 4330
3632172 3 4330
3632172 5 4330
3632172 1 4330
3632172 21 4330
3632172 2 4330
3632172 3 4330
3632172 1 4330
3632172 3 4330
3632172 1 4330
3632172 2 4330
3632172 1 4330
3632172 1 4330
3632172 4 4330
3632172 1 4330
3632172 2 4330
3632172 2 4330
3632172 1 4330
3632172 1 4330
3632172 62 4330
3632172 1 4330
3632172 6 4330
3632172 2 4330
3632172 11 4330
3632172 3 4330
3632172 6 4330
3632172 1 4330
3632172 3 4330
3632172 2 4330
3632172 3 4330
3632172 1 4330
3632172 1 4330
3632172 5 4330
3632172 1 4330
3632172 1 4330
3632172 1 4330
3632172 1 4330
3632172 3 4330
3632172 2 4330
3632172 3 4330
3632172 1 4330
3632172 6 4330
3632172 2 4330
3632172 1 4330
3632172 63 4330
3632172 29 4330
3632172 4 4330
3632172 2 4330
3632172 10 4330
3632172 3 4330
3632172 1 4330
3632172 41 4330
3632172 1 4330
3632172 10 4330
3632172 1 4330
3632172 4 4330
3632172 1 4330
3632172 41 4330
3632172 1 4330
3632172 8 4330
3632172 2 4330
3632172 9 4330
3632172 4 4330
3632172 2 4330
3632172 1 4330
3632172 1 4330
3632172 1 4330
3632172 1 4330
3632172 48 4330
3632172 6 4330
3632172 1 4330
3632172 2 4330
3632172 2 4330
3632172 3 4330
3632172 1 4330
3632172 1 4330
3632172 46 4330
3632172 2 4330
3632172 1 4330
3632172 3 4330
3632172 2 4330
3632172 103 4330
3632172 5 4330
3632172 1 4330
3632172 2 4330
3632172 2 4330
3632172 2 4330
3632172 1 4330
3632172 1 4330
3632172 3 4330
3632172 8 4330
3632172 2 4330
3632172 13 4330
3632172 4 4330
3632172 1 4330
3632172 1 4330
3632172 16 4330
3632172 10 4330
3632172 3 4330
3632172 1 4330
3632172 3 4330
3632172 1 4330
3632172 1 4330
3632172 1 4330
3632172 1 4330
3632172 1 4330
3632172 1 4330
3632172 1 4330
3632172 1 4330
3632172 1 4330
3632172 5 4330
3632172 1 4330
3632172 1 4330
3632172 3 4330
3632172 10 4330
3632172 14 4330
3632172 1 4330
3632172 1 4330
3632172 2 4330
3632172 3 4330
3632172 3 4330
3632172 3 4330
3632172 1 4330
3632172 5 4330
3632172 25 4330
3632172 1 4330
3632172 1 4330
3632172 23 4330
3632172 20 4330
3632172 6 4330
3632172 7 4330
3632172 3 4330
3632172 3 4330
3632172 1 4330
3632172 1 4330
3632172 3 4330
3632172 1 4330
3632172 1 4330
3632172 1 4330
3632172 1 4330
3632172 11 4330
3632172 1 4330
3632172 2 4330
3632172 33 4330
3632172 12 4330
3632172 10 4330
3632172 42 4330
3632172 1 4330
3632172 1 4330
3632172 3 4330
3632172 1 4330
3632172 1 4330
3632172 6 4330
3632172 2 4330
3632172 2 4330
3632172 1 4330
3632172 23 4330
3632172 60 4330
3632172 7 4330
3632172 9 4330
3632172 2 4330
3632172 1 4330
3632172 1 4330
3632172 2 4330
3632172 5 4330
3632172 1 4330
3632172 1 4330
3632172 1 4330
3632172 1 4330
3632172 2 4330
3632172 1 4330
3632172 1 4330
3632172 37 4330
3632172 4 4330
3632172 9 4330
3632172 71 4330
3632172 3 4330
3632172 2 4330
3632172 1 4330
3632172 1 4330
3632172 1 4330
3632172 5 4330
3632172 1 4330
3632172 5 4330
3632172 1 4330
3632172 1 4330
3632172 1 4330
3632172 1 4330
3632172 1 4330
3632172 2 4330
3632172 2 4330
3632172 5 4330
3632172 1 4330
3632172 13 4330
3632172 5 4330
3632172 4 4330
3632172 1 4330
3632172 3 4330
3632172 1 4330
3632172 1 4330
3632172 1 4330
3632172 12 4330
3632172 22 4330
3632172 20 4330
3632172 3 4330
3632172 2 4330
3632172 5 4330
3632172 4 4330
3632172 1 4330
3632172 1 4330
3632172 1 4330
3632172 7 4330
3632172 1 4330
3632172 5 4330
3632172 1 4330
3632172 6 4330
3632172 1 4330
3632172 1 4330
3632172 1 4330
3632172 4 4330
3632172 1 4330
3632172 1 4330
3632172 2 4330
3632172 1 4330
3632172 5 4330
3632172 2 4330
3632172 1 4330
3632172 2 4330
3632172 5 4330
3632172 3 4330
3632172 110 4330
3632172 1 4330
3632172 5 4330
3632172 1 4330
3632172 1 4330
3632172 25 4330
3632172 2 4330
3632172 2 4330
3632172 2 4330
3632172 1 4330
3632172 2 4330
3632172 3 4330
3632172 3 4330
3632172 2 4330
3632172 8 4330
3632172 72 4330
3632172 4 4330
3632172 1 4330
3632172 1 4330
3632172 1 4330
3632172 1 4330
3632172 1 4330
3632172 5 4330
3632172 1 4330
3632172 1 4330
3632172 3 4330
3632172 1 4330
3632172 2 4330
3632172 3 4330
3632172 3 4330
3632172 1 4330
3632172 1 4330
3632172 1 4330
3632172 2 4330
3632172 5 4330
3632172 6 4330
3632172 19 4330
3632172 22 4330
3632172 1 4330
3632172 2 4330
3632172 1 4330
3632172 4 4330
3632172 2 4330
3632172 1 4330
3632172 1 4330
3632172 6 4330
3632172 1 4330
3632172 2 4330
3632172 1 4330
3632172 2 4330
3632172 1 4330
3632172 1 4330
3632172 1 4330
3632172 1 4330
3632172 3 4330
3632172 2 4330
3632172 4 4330
3632172 5 4330
3632172 2 4330
3632172 2 4330
3632172 2 4330
3632172 1 4330
3632172 1 4330
3632172 1 4330
3632172 4 4330
3632172 12 4330
3632172 1 4330
3632172 1 4330
3632172 3 4330
3632172 1 4330
3632172 1 4330
3632172 1 4330
3632172 9 4330
3632172 1 4330
3632172 1 4330
3632172 1 4330
3632172 2 4330
3632172 2 4330
3632172 1 4330
3632172 2 4330
3632172 5 4330
3632172 1 4330
3632172 4 4330
3632172 18 4330
3632172 17 4330
3632172 1 4330
3632172 3 4330
3632172 3 4330
3632172 5 4330
3632172 1 4330
3632172 1 4330
3632172 5 4330
3632172 3 4330
3632172 4 4330
3632172 2 4330
3632172 1 4330
3632172 3 4330
3632172 1 4330
3632172 1 4330
3632172 2 4330
3632172 1 4330
3632172 24 4330
3632172 3 4330
3632172 3 4330
3632172 3 4330
3632172 1 4330
3632172 2 4330
3632172 1 4330
3632172 10 4330
3632172 1 4330
3632172 9 4330
3632172 2 4330
3632172 2 4330
3632172 7 4330
3632172 1 4330
3632172 1 4330
3632172 3 4330
3632172 1 4330
3632172 22 4330
3632172 1 4330
3632172 57 4330
3632172 3 4330
3632172 1 4330
3632172 2 4330
3632172 1 4330
3632172 27 4330
3632172 1 4330
3632172 36 4330
3632172 2 4330
3632172 1 4330
3632172 3 4330
3632172 3 4330
3632172 1 4330
3632172 3 4330
3632172 14 4330
3632172 2 4330
3632172 2 4330
3632172 1 4330
3632172 1 4330
3632172 2 4330
3632172 1 4330
3632172 1 4330
3632172 2 4330
3632172 1 4330
3632172 1 4330
3632172 32 4330
3632172 2 4330
3632172 1 4330
3632172 1 4330
3632172 8 4330
3632172 1 4330
3632172 2 4330
3632172 4 4330
3632172 1 4330
3632172 6 4330
3632172 2 4330
3632172 1 4330
3632172 38 4330
3632172 10 4330
3632172 1 4330
3632172 1 4330
3632172 47 4330
3632172 1 4330
3632172 31 4330
3632172 55 4330
3632172 1 4330
3632172 28 4330
3632172 2 4330
3632172 4 4330
3632172 1 4330
3632172 1 4330
3632172 1 4330
3632172 1 4330
3632172 8 4330
3632172 3 4330
3632172 3 4330
3632172 5 4330
3632172 7 4330
3632172 10 4330
3632172 2 4330
3632172 2 4330
3632172 4 4330
3632172 5 4330
3632172 2 4330
3632172 1 4330
3632172 2 4330
3632172 23 4330
3632172 6 4330
3632172 4 4330
3632172 6 4330
3632172 2 4330
3632172 1 4330
3632172 2 4330
3632172 9 4330
3632172 1 4330
3632172 1 4330
3632172 1 4330
3632172 2 4330
3632172 4 4330
3632172 108 4330
3632172 1 4330
3632172 2 4330
3632172 2 4330
3632172 4 4330
3632172 3 4330
3632172 1 4330
3632172 2 4330
3632172 3 4330
3632172 2 4330
3632172 1 4330
3632172 2 4330
3632172 3 4330
3632172 4 4330
3632172 2 4330
3632172 1 4330
3632172 7 4330
3632172 1 4330
3632172 1 4330
3632172 4 4330
3632172 6 4330
3632172 2 4330
3632172 1 4330
3632172 2 4330
3632172 11 4330
3632172 2 4330
3632172 1 4330
3632172 2 4330
3632172 2 4330
3632172 2 4330
3632172 6 4330
3632172 8 4330
3632172 9 4330
3632172 10 4330
3632172 4 4330
3632172 1 4330
3632172 1 4330
3632172 1 4330
3632172 5 4330
3632172 1 4330
3632172 1 4330
3632172 30 4330
3632172 1 4330
3632172 1 4330
3632172 12 4330
3632172 25 4330
3632172 5 4330
3632172 5 4330
3632172 3 4330
3632172 2 4330
3632172 2 4330
3632172 7 4330
3632172 20 4330
3632172 6 4330
3632172 4 4330
3632172 14 4330
3632172 11 4330
3632172 1 4330
3632172 1 4330
3632172 2 4330
3632172 2 4330
3632172 7 4330
3632172 13 4330
3632172 3 4330
3632172 1 4330
3632172 5 4330
3632172 1 4330
3632172 1 4330
3632172 93 4330
3632172 5 4330
3632172 1 4330
3632172 11 4330
3632172 1 4330
3632172 22 4330
3632172 3 4330
3632172 5 4330
3632172 1 4330
3632172 1 4330
3632172 15 4330
3632172 1 4330
3632172 2 4330
3632172 1 4330
3632172 1 4330
3632172 1 4330
3632172 2 4330
3632172 1 4330
3632172 1 4330
3632172 2 4330
3632172 1 4330
3632172 2 4330
3632172 1 4330
3632172 1 4330
3632172 1 4330
3632172 4 4330
3632172 5 4330
3632172 3 4330
3632172 41 4330
3632172 50 4330
3632172 1 4330
3632172 2 4330
3632172 1 4330
3632172 3 4330
3632172 1 4330
3632172 12 4330
3632172 1 4330
3632172 1 4330
3632172 6 4330
3632172 4 4330
3632172 1 4330
3632172 6 4330
3632172 2 4330
3632172 1 4330
3632172 2 4330
3632172 1 4330
3632172 3 4330
3632172 2 4330
3632172 29 4330
3632172 1 4330
3632172 6 4330
3632172 3 4330
3632172 2 4330
3632172 2 4330
3632172 1 4330
3632172 21 4330
3632172 2 4330
3632172 10 4330
3632172 1 4330
3632172 46 4330
3632172 1 4330
3632172 2 4330
3632172 2 4330
3632172 1 4330
3632172 1 4330
3632172 5 4330
3632172 2 4330
3632172 1 4330
3632172 1 4330
3632172 2 4330
3632172 7 4330
3632172 1 4330
3632172 1 4330
3632172 2 4330
3632172 2 4330
3632172 17 4330
3632172 3 4330
3632172 1 4330
3632172 3 4330
3632172 1 4330
3632172 1 4330
3632172 1 4330
3632172 6 4330
3632172 1 4330
3632172 1 4330
3632172 2 4330
3632172 1 4330
3632172 2 4330
3632172 1 4330
3632172 1 4330
3632172 1 4330
3632172 17 4330
3632172 4 4330
3632172 7 4330
3632172 1 4330
3632172 1 4330
3632172 2 4330
3632172 1 4330
3632172 1 4330
3632172 1 4330
3632172 1 4330
3632172 1 4330
3632172 23 4330
3632172 1 4330
3632172 1 4330
3632172 1 4330
3632172 1 4330
3632172 1 4330
3632172 2 4330
3632172 1 4330
3632172 4 4330
3632172 5 4330
3632172 42 4330
3632172 1 4330
3632172 1 4330
3632172 1 4330
3632172 3 4330
3632172 1 4330
3632172 1 4330
3632172 4 4330
3632172 1 4330
3632172 2 4330
3632172 4 4330
3632172 4 4330
3632172 1 4330
3632172 1 4330
3632172 1 4330
3632172 3 4330
3632172 10 4330
3632172 1 4330
3632172 11 4330
3632172 1 4330
3632172 8 4330
3632172 1 4330
3632172 2 4330
3632172 2 4330
3632172 2 4330
3632172 2 4330
3632172 1 4330
3632172 5 4330
3632172 1 4330
3632172 1 4330
3632172 1 4330
3632172 2 4330
3632172 1 4330
3632172 1 4330
3632172 29 4330
3632172 4 4330
3632172 1 4330
3632172 3 4330
3632172 1 4330
3632172 1 4330
3632172 3 4330
3632172 5 4330
3632172 1 4330
3632172 1 4330
3632172 19 4330
3632172 1 4330
3632172 2 4330
3632172 3 4330
3632172 2 4330
3632172 2 4330
3632172 5 4330
3632172 1 4330
3632172 18 4330
3632172 8 4330
3632172 1 4330
3632172 9 4330
3632172 19 4330
3632172 2 4330
3632172 2 4330
3632172 1 4330
3632172 7 4330
3632172 1 4330
3632172 3 4330
3632172 1 4330
3632172 2 4330
3632172 1 4330
3632172 4 4330
3632172 1 4330
3632172 6 4330
3632172 1 4330
3632172 3 4330
3632172 3 4330
3632172 5 4330
3632172 2 4330
3632172 1 4330
3632172 3 4330
3632172 1 4330
3632172 5 4330
3632172 2 4330
3632172 1 4330
3632172 1 4330
3632172 32 4330
3632172 1 4330
3632172 11 4330
3632172 2 4330
3632172 19 4330
3632172 1 4330
3632172 1 4330
3632172 1 4330
3632172 5 4330
3632172 1 4330
3632172 1 4330
3632172 4 4330
3632172 1 4330
3632172 1 4330
3632172 20 4330
3632172 3 4330
3632172 7 4330
3632172 1 4330
3632172 3 4330
3632172 4 4330
3632172 4 4330
3632172 9 4330
3632172 6 4330
3632172 2 4330
3632172 6 4330
3632172 1 4330
3632172 3 4330
3632172 1 4330
3632172 1 4330
3632172 1 4330
3632172 1 4330
3632172 2 4330
3632172 1 4330
3632172 2 4330
3632172 2 4330
3632172 15 4330
3632172 63 4330
3632172 1 4330
3632172 2 4330
3632172 11 4330
3632172 1 4330
3632172 1 4330
3632172 2 4330
3632172 1 4330
3632172 1 4330
3632172 2 4330
3632172 1 4330
3632172 1 4330
3632172 2 4330
3632172 2 4330
3632172 9 4330
3632172 8 4330
3632172 1 4330
3632172 2 4330
3632172 4 4330
3632172 3 4330
3632172 1 4330
3632172 1 4330
3632172 2 4330
3632172 3 4330
3632172 1 4330
3632172 1 4330
3632172 2 4330
3632172 1 4330
3632172 1 4330
3632172 1 4330
3632172 2 4330
3632172 3 4330
3632172 4 4330
3632172 13 4330
3632172 1 4330
3632172 1 4330
3632172 1 4330
3632172 23 4330
3632172 3 4330
3632172 2 4330
3632172 2 4330
3632172 1 4330
3632172 1 4330
3632172 2 4330
3632172 4 4330
3632172 1 4330
3632172 1 4330
3632172 2 4330
3632172 2 4330
3632172 100 4330
3632172 281 4330
3632172 4 4330
3632172 7 4330
3632172 4 4330
3632172 2 4330
3632172 1 4330
3632172 3 4330
3632172 8 4330
3632172 1 4330
3632172 1 4330
3632172 1 4330
3632172 1 4330
3632172 3 4330
3632172 1 4330
3632172 1 4330
3632172 49 4330
3632172 2 4330
3632172 1 4330
3632172 5 4330
3632172 5 4330
3632172 1 4330
3632172 9 4330
3632172 1 4330
3632172 18 4330
3632172 2 4330
3632172 2 4330
3632172 9 4330
3632172 1 4330
3632172 2 4330
3632172 4 4330
3632172 8 4330
3632172 1 4330
3632172 1 4330
3632172 1 4330
3632172 1 4330
3632172 3 4330
3632172 6 4330
3632172 1 4330
3632172 15 4330
3632172 1 4330
3632172 1 4330
3632172 4 4330
3632172 4 4330
3632172 1 4330
3632172 1 4330
3632172 1 4330
3632172 2 4330
3632172 12 4330
3632172 7 4330
3632172 3 4330
3632172 2 4330
3632172 1 4330
3632172 2 4330
3632172 8 4330
3632172 1 4330
3632172 2 4330
3632172 1 4330
3632172 30 4330
3632172 1 4330
3632172 9 4330
3632172 3 4330
3632172 1 4330
3632172 1 4330
3632172 3 4330
3632172 1 4330
3632172 2 4330
3632172 1 4330
3632172 1 4330
3632172 15 4330
3632172 3 4330
3632172 1 4330
3632172 10 4330
3632172 5 4330
3632172 3 4330
3632172 2 4330
3632172 19 4330
3632172 2 4330
3632172 1 4330
3632172 1 4330
3632172 4 4330
3632172 2 4330
3632172 1 4330
3632172 11 4330
3632172 7 4330
3632172 1 4330
3632172 2 4330
3632172 2 4330
3632172 3 4330
3632172 2 4330
3632172 1 4330
3632172 1 4330
3632172 2 4330
3632172 13 4330
3632172 6 4330
3632172 1 4330
3632172 19 4330
3632172 10 4330
3632172 2 4330
3632172 1 4330
3632172 1 4330
3632172 1 4330
3632172 13 4330
3632172 13 4330
3632172 1 4330
3632172 1 4330
3632172 4 4330
3632172 1 4330
3632172 2 4330
3632172 1 4330
3632172 1 4330
3632172 2 4330
3632172 4 4330
3632172 1 4330
3632172 10 4330
3632172 1 4330
3632172 1 4330
3632172 1 4330
3632172 5 4330
3632172 22 4330
3632172 4 4330
3632172 2 4330
3632172 2 4330
3632172 1 4330
3632172 10 4330
3632172 4 4330
3632172 2 4330
3632172 1 4330
3632172 4 4330
3632172 1 4330
3632172 2 4330
3632172 1 4330
3632172 1 4330
3632172 2 4330
3632172 1 4330
3632172 1 4330
3632172 1 4330
3632172 1 4330
3632172 1 4330
3632172 1 4330
3632172 9 4330
3632172 1 4330
3632172 18 4330
3632172 2 4330
3632172 2 4330
3632172 1 4330
3632172 3 4330
3632172 4 4330
3632172 1 4330
3632172 1 4330
3632172 1 4330
3632172 5 4330
3632172 2 4330
3632172 1 4330
3632172 9 4330
3632172 8 4330
3632172 9 4330
3632172 31 4330
3632172 12 4330
3632172 4 4330
3632172 5 4330
3632172 2 4330
3632172 1 4330
3632172 1 4330
3632172 1 4330
3632172 1 4330
3632172 1 4330
3632172 5 4330
3632172 1 4330
3632172 2 4330
3632172 4 4330
3632172 1 4330
3632172 4 4330
3632172 1 4330
3632172 16 4330
3632172 9 4330
3632172 1 4330
3632172 1 4330
3632172 1 4330
3632172 1 4330
3632172 4 4330
3632172 1 4330
3632172 72 4330
3632172 1 4330
3632172 10 4330
3632172 4 4330
3632172 17 4330
3632172 2 4330
3632172 2 4330
3632172 10 4330
3632172 29 4330
3632172 4 4330
3632172 12 4330
3632172 11 4330
3632172 12 4330
3632172 34 4330
3632172 1 4330
3632172 19 4330
3632172 1 4330
3632172 1 4330
3632172 3 4330
3632172 2 4330
3632172 1 4330
3632172 5 4330
3632172 11 4330
3632172 3 4330
3632172 8 4330
3632172 4 4330
3632172 2 4330
3632172 1 4330
3632172 1 4330
3632172 1 4330
3632172 1 4330
3632172 14 4330
3632172 13 4330
3632172 2 4330
3632172 1 4330
3632172 9 4330
3632172 1 4330
3632172 1 4330
3632172 1 4330
3632172 1 4330
3632172 1 4330
3632172 11 4330
3632172 6 4330
3632172 4 4330
3632172 3 4330
3632172 24 4330
3632172 3 4330
3632172 1 4330
3632172 1 4330
3632172 1 4330
3632172 2 4330
3632172 1 4330
3632172 1 4330
3632172 1 4330
3632172 1 4330
3632172 1 4330
3632172 1 4330
3632172 1 4330
3632172 1 4330
3632172 3 4330
3632172 1 4330
3632172 1 4330
3632172 4 4330
3632172 1 4330
3632172 2 4330
3632172 1 4330
3632172 1 4330
3632172 1 4330
3632172 13 4330
3632172 1 4330
3632172 1 4330
3632172 1 4330
3632172 5 4330
3632172 9 4330
3632172 2 4330
3632172 3 4330
3632172 5 4330
3632172 1 4330
3632172 1 4330
3632172 23 4330
3632172 18 4330
3632172 11 4330
3632172 16 4330
3632172 4 4330
3632172 3 4330
3632172 1 4330
3632172 2 4330
3632172 7 4330
3632172 10 4330
3632172 7 4330
3632172 2 4330
3632172 1 4330
3632172 1 4330
3632172 7 4330
3632172 5 4330
3632172 6 4330
3632172 2 4330
3632172 1 4330
3632172 3 4330
3632172 1 4330
3632172 3 4330
3632172 29 4330
3632172 1 4330
3632172 1 4330
3632172 1 4330
3632172 1 4330
3632172 1 4330
3632172 2 4330
3632172 1 4330
3632172 4 4330
3632172 1 4330
3632172 2 4330
3632172 1 4330
3632172 4 4330
3632172 2 4330
3632172 1 4330
3632172 1 4330
3632172 2 4330
3632172 1 4330
3632172 1 4330
3632172 2 4330
3632172 6 4330
3632172 1 4330
3632172 25 4330
3632172 15 4330
3632172 1 4330
3632172 3 4330
3632172 5 4330
3632172 4 4330
3632172 1 4330
3632172 4 4330
3632172 3 4330
3632172 22 4330
3632172 30 4330
3632172 2 4330
3632172 6 4330
3632172 2 4330
3632172 1 4330
3632172 6 4330
3632172 4 4330
3632172 2 4330
3632172 1 4330
3632172 1 4330
3632172 1 4330
3632172 1 4330
3632172 2 4330
3632172 1 4330
3632172 1 4330
3632172 3 4330
3632172 1 4330
3632172 1 4330
3632172 1 4330
3632172 2 4330
3632172 1 4330
3632172 22 4330
3632172 2 4330
3632172 1 4330
3632172 10 4330
3632172 1 4330
3632172 4 4330
3632172 28 4330
3632172 5 4330
3632172 1 4330
3632172 1 4330
3632172 5 4330
3632172 3 4330
3632172 5 4330
3632172 2 4330
3632172 1 4330
3632172 7 4330
3632172 6 4330
3632172 32 4330
3632172 47 4330
3632172 4 4330
3632172 4 4330
3632172 1 4330
3632172 1 4330
3632172 3 4330
3632172 2 4330
3632172 1 4330
3632172 1 4330
3632172 1 4330
3632172 2 4330
3632172 1 4330
3632172 3 4330
3632172 1 4330
3632172 1 4330
3632172 38 4330
3632172 20 4330
3632172 2 4330
3632172 11 4330
3632172 44 4330
3632172 7 4330
3632172 1 4330
3632172 1 4330
3632172 4 4330
3632172 2 4330
3632172 2 4330
3632172 12 4330
3632172 1 4330
3632172 5 4330
3632172 1 4330
3632172 2 4330
3632172 1 4330
3632172 1 4330
3632172 3 4330
3632172 1 4330
3632172 10 4330
3632172 10 4330
3632172 1 4330
3632172 5 4330
3632172 2 4330
3632172 1 4330
3632172 2 4330
3632172 5 4330
3632172 3 4330
3632172 1 4330
3632172 1 4330
3632172 2 4330
3632172 3 4330
3632172 1 4330
3632172 1 4330
3632172 27 4330
3632172 1 4330
3632172 1 4330
3632172 3 4330
3632172 8 4330
3632172 1 4330
3632172 1 4330
3632172 2 4330
3632172 3 4330
3632172 1 4330
3632172 1 4330
3632172 2 4330
3632172 2 4330
3632172 1 4330
3632172 1 4330
3632172 2 4330
3632172 1 4330
3632172 11 4330
3632172 1 4330
3632172 3 4330
3632172 1 4330
3632172 1 4330
3632172 20 4330
3632172 2 4330
3632172 1 4330
3632172 6 4330
3632172 11 4330
3632172 2 4330
3632172 1 4330
3632172 4 4330
3632172 13 4330
3632172 1 4330
3632172 2 4330
3632172 2 4330
3632172 3 4330
3632172 2 4330
3632172 1 4330
3632172 2 4330
3632172 13 4330
3632172 16 4330
3632172 2 4330
3632172 13 4330
3632172 4 4330
3632172 1 4330
3632172 1 4330
3632172 16 4330
3632172 2 4330
3632172 1 4330
3632172 1 4330
3632172 6 4330
3632172 1 4330
3632172 1 4330
3632172 1 4330
3632172 1 4330
3632172 1 4330
3632172 1 4330
3632172 13 4330
3632172 3 4330
3632172 1 4330
3632172 2 4330
3632172 1 4330
3632172 1 4330
3632172 1 4330
3632172 3 4330
3632172 3 4330
3632172 2 4330
3632172 4 4330
3632172 2 4330
3632172 1 4330
3632172 22 4330
3632172 1 4330
3632172 2 4330
3632172 4 4330
3632172 28 4330
3632172 1 4330
3632172 1 4330
3632172 1 4330
3632172 4 4330
3632172 39 4330
3632172 1 4330
3632172 2 4330
3632172 1 4330
3632172 1 4330
3632172 1 4330
3632172 2 4330
3632172 1 4330
3632172 3 4330
3632172 2 4330
3632172 1 4330
3632172 7 4330
3632172 8 4330
3632172 1 4330
3632172 4 4330
3632172 3 4330
3632172 3 4330
3632172 1 4330
3632172 2 4330
3632172 1 4330
3632172 2 4330
3632172 2 4330
3632172 248 4330
3632172 20 4330
3632172 2 4330
3632172 1 4330
3632172 12 4330
3632172 1 4330
3632172 2 4330
3632172 1 4330
3632172 1 4330
3632172 15 4330
3632172 1 4330
3632172 3 4330
3632172 1 4330
3632172 1 4330
3632172 5 4330
3632172 9 4330
3632172 10 4330
3632172 1 4330
3632172 1 4330
3632172 1 4330
3632172 1 4330
3632172 1 4330
3632172 4 4330
3632172 1 4330
3632172 2 4330
3632172 3 4330
3632172 1 4330
3632172 1 4330
3632172 3 4330
3632172 3 4330
3632172 1 4330
3632172 6 4330
3632172 1 4330
3632172 1 4330
3632172 1 4330
3632172 5 4330
3632172 4 4330
3632172 6 4330
3632172 52 4330
3632172 1 4330
3632172 1 4330
3632172 1 4330
3632172 2 4330
3632172 11 4330
3632172 4 4330
3632172 1 4330
3632172 12 4330
3632172 2 4330
3632172 2 4330
3632172 2 4330
3632172 1 4330
3632172 10 4330
3632172 1 4330
3632172 1 4330
3632172 1 4330
3632172 11 4330
3632172 3 4330
3632172 4 4330
3632172 2 4330
3632172 1 4330
3632172 1 4330
3632172 2 4330
3632172 4 4330
3632172 1 4330
3632172 1 4330
3632172 1 4330
3632172 3 4330
3632172 1 4330
3632172 4 4330
3632172 1 4330
3632172 6 4330
3632172 3 4330
3632172 6 4330
3632172 1 4330
3632172 3 4330
3632172 2 4330
3632172 3 4330
3632172 3 4330
3632172 3 4330
3632172 18 4330
3632172 10 4330
3632172 42 4330
3632172 5 4330
3632172 3 4330
3632172 9 4330
3632172 3 4330
3632172 3 4330
3632172 1 4330
3632172 2 4330
3632172 1 4330
3632172 2 4330
3632172 4 4330
3632172 10 4330
3632172 1 4330
3632172 1 4330
3632172 7 4330
3632172 15 4330
3632172 1 4330
3632172 43 4330
3632172 1 4330
3632172 1 4330
3632172 1 4330
3632172 3 4330
3632172 1 4330
3632172 56 4330
3632172 43 4330
3632172 6 4330
3632172 2 4330
3632172 16 4330
3632172 4 4330
3632172 1 4330
3632172 1 4330
3632172 1 4330
3632172 2 4330
3632172 3 4330
3632172 2 4330
3632172 4 4330
3632172 3 4330
3632172 1 4330
3632172 2 4330
3632172 1 4330
3632172 3 4330
3632172 8 4330
3632172 3 4330
3632172 8 4330
3632172 2 4330
3632172 1 4330
3632172 9 4330
3632172 2 4330
3632172 1 4330
3632172 13 4330
3632172 5 4330
3632172 2 4330
3632172 1 4330
3632172 12 4330
3632172 1 4330
3632172 7 4330
3632172 1 4330
3632172 1 4330
3632172 2 4330
3632172 1 4330
3632172 1 4330
3632172 3 4330
3632172 1 4330
3632172 1 4330
3632172 1 4330
3632172 1 4330
3632172 1 4330
3632172 3 4330
3632172 3 4330
3632172 5 4330
3632172 1 4330
3632172 26 4330
3632172 3 4330
3632172 2 4330
3632172 1 4330
3632172 3 4330
3632172 4 4330
3632172 1 4330
3632172 1 4330
3632172 12 4330
3632172 5 4330
3632172 1 4330
3632172 9 4330
3632172 4 4330
3632172 1 4330
3632172 27 4330
3632172 3 4330
3632172 22 4330
3632172 3 4330
3632172 2 4330
3632172 1 4330
3632172 2 4330
3632172 3 4330
3632172 4 4330
3632172 5 4330
3632172 23 4330
3632172 2 4330
3632172 1 4330
3632172 23 4330
3632172 15 4330
3632172 6 4330
3632172 19 4330
3632172 1 4330
3632172 1 4330
3632172 1 4330
3632172 1 4330
3632172 1 4330
3632172 1 4330
3632172 1 4330
3632172 2 4330
3632172 1 4330
3632172 1 4330
3632172 1 4330
3632172 1 4330
3632172 12 4330
3632172 8 4330
3632172 3 4330
3632172 2 4330
3632172 1 4330
3632172 4 4330
3632172 1 4330
3632172 10 4330
3632172 2 4330
3632172 18 4330
3632172 11 4330
3632172 2 4330
3632172 1 4330
3632172 3 4330
3632172 1 4330
3632172 2 4330
3632172 2 4330
3632172 74 4330
3632172 43 4330
3632172 4 4330
3632172 1 4330
3632172 4 4330
3632172 6 4330
3632172 3 4330
3632172 5 4330
3632172 13 4330
3632172 2 4330
3632172 7 4330
3632172 3 4330
3632172 2 4330
3632172 1 4330
3632172 2 4330
3632172 9 4330
3632172 3 4330
3632172 3 4330
3632172 2 4330
3632172 1 4330
3632172 1 4330
3632172 3 4330
3632172 2 4330
3632172 2 4330
3632172 1 4330
3632172 1 4330
3632172 1 4330
3632172 4 4330
3632172 1 4330
3632172 4 4330
3632172 25 4330
3632172 17 4330
3632172 4 4330
3632172 3 4330
3632172 2 4330
3632172 9 4330
3632172 1 4330
3632172 1 4330
3632172 2 4330
3632172 1 4330
3632172 4 4330
3632172 3 4330
3632172 3 4330
3632172 2 4330
3632172 4 4330
3632172 2 4330
3632172 1 4330
3632172 2 4330
3632172 30 4330
3632172 1 4330
3632172 3 4330
3632172 4 4330
3632172 1 4330
3632172 1 4330
3632172 22 4330
3632172 7 4330
3632172 1 4330
3632172 1 4330
3632172 4 4330
3632172 1 4330
3632172 1 4330
3632172 1 4330
3632172 1 4330
3632172 1 4330
3632172 5 4330
3632172 4 4330
3632172 2 4330
3632172 1 4330
3632172 7 4330
3632172 26 4330
3632172 8 4330
3632172 3 4330
3632172 1 4330
3632172 2 4330
3632172 10 4330
3632172 8 4330
3632172 1 4330
3632172 6 4330
3632172 7 4330
3632172 4 4330
3632172 2 4330
3632172 3 4330
3632172 5 4330
3632172 21 4330
3632172 4 4330
3632172 7 4330
3632172 44 4330
3632172 5 4330
3632172 3 4330
3632172 2 4330
3632172 26 4330
3632172 5 4330
3632172 1 4330
3632172 2 4330
3632172 2 4330
3632172 2 4330
3632172 3 4330
3632172 1 4330
3632172 3 4330
3632172 1 4330
3632172 1 4330
3632172 1 4330
3632172 1 4330
3632172 1 4330
3632172 33 4330
3632172 1 4330
3632172 2 4330
3632172 32 4330
3632172 4 4330
3632172 48 4330
3632172 4 4330
3632172 30 4330
3632172 1 4330
3632172 8 4330
3632172 6 4330
3632172 143 4330
3632172 1 4330
3632172 2 4330
3632172 1 4330
3632172 1 4330
3632172 1 4330
3632172 1 4330
3632172 1 4330
3632172 11 4330
3632172 4 4330
3632172 2 4330
3632172 1 4330
3632172 7 4330
3632172 1 4330
3632172 1 4330
3632172 1 4330
3632172 5 4330
3632172 1 4330
3632172 34 4330
3632172 1 4330
3632172 7 4330
3632172 5 4330
3632172 5 4330
3632172 2 4330
3632172 1 4330
3632172 2 4330
3632172 1 4330
3632172 1 4330
3632172 4 4330
3632172 1 4330
3632172 4 4330
3632172 1 4330
3632172 7 4330
3632172 1 4330
3632172 4 4330
3632172 5 4330
3632172 2 4330
3632172 9 4330
3632172 1 4330
3632172 1 4330
3632172 3 4330
3632172 1 4330
3632172 5 4330
3632172 5 4330
3632172 1 4330
3632172 1 4330
3632172 5 4330
3632172 3 4330
3632172 1 4330
3632172 2 4330
3632172 1 4330
3632172 6 4330
3632172 1 4330
3632172 3 4330
3632172 1 4330
3632172 2 4330
3632172 2 4330
3632172 1 4330
3632172 1 4330
3632172 5 4330
3632172 1 4330
3632172 34 4330
3632172 6 4330
3632172 95 4330
3632172 4 4330
3632172 2 4330
3632172 1 4330
3632172 37 4330
3632172 42 4330
3632172 2 4330
3632172 1 4330
3632172 5 4330
3632172 6 4330
3632172 4 4330
3632172 4 4330
3632172 1 4330
3632172 3 4330
3632172 4 4330
3632172 205 4330
3632172 3 4330
3632172 2 4330
3632172 1 4330
3632172 2 4330
3632172 3 4330
3632172 6 4330
3632172 1 4330
3632172 2 4330
3632172 2 4330
3632172 1 4330
3632172 1 4330
3632172 8 4330
3632172 3 4330
3632172 6 4330
3632172 1 4330
3632172 3 4330
3632172 4 4330
3632172 2 4330
3632172 5 4330
3632172 1 4330
3632172 2 4330
3632172 3 4330
3632172 2 4330
3632172 12 4330
3632172 2 4330
3632172 1 4330
3632172 2 4330
3632172 1 4330
3632172 4 4330
3632172 1 4330
3632172 1 4330
3632172 2 4330
3632172 1 4330
3632172 1 4330
3632172 4 4330
3632172 1 4330
3632172 1 4330
3632172 1 4330
3632172 1 4330
3632172 2 4330
3632172 4 4330
3632172 2 4330
3632172 8 4330
3632172 2 4330
3632172 1 4330
3632172 1 4330
3632172 5 4330
3632172 13 4330
3632172 2 4330
3632172 1 4330
3632172 1 4330
3632172 5 4330
3632172 1 4330
3632172 1 4330
3632172 1 4330
3632172 1 4330
3632172 2 4330
3632172 3 4330
3632172 3 4330
3632172 1 4330
3632172 4 4330
3632172 3 4330
3632172 1 4330
3632172 1 4330
3632172 1 4330
3632172 19 4330
3632172 5 4330
3632172 3 4330
3632172 1 4330
3632172 1 4330
3632172 3 4330
3632172 1 4330
3632172 9 4330
3632172 4 4330
3632172 1 4330
3632172 14 4330
3632172 1 4330
3632172 1 4330
3632172 1 4330
3632172 1 4330
3632172 1 4330
3632172 4 4330
3632172 1 4330
3632172 1 4330
3632172 1 4330
3632172 1 4330
3632172 1 4330
3632172 8 4330
3632172 1 4330
3632172 1 4330
3632172 1 4330
3632172 8 4330
3632172 1 4330
3632172 1 4330
3632172 1 4330
3632172 2 4330
3632172 4 4330
3632172 1 4330
3632172 1 4330
3632172 2 4330
3632172 5 4330
3632172 9 4330
3632172 1 4330
3632172 4 4330
3632172 7 4330
3632172 1 4330
3632172 5 4330
3632172 2 4330
3632172 2 4330
3632172 1 4330
3632172 1 4330
3632172 2 4330
3632172 1 4330
3632172 1 4330
3632172 2 4330
3632172 1 4330
3632172 1 4330
3632172 1 4330
3632172 3 4330
3632172 1 4330
3632172 1 4330
3632172 1 4330
3632172 1 4330
3632172 2 4330
3632172 13 4330
3632172 1 4330
3632172 10 4330
3632172 1 4330
3632172 1 4330
3632172 55 4330
3632172 1 4330
3632172 1 4330
3632172 1 4330
3632172 2 4330
3632172 2 4330
3632172 1 4330
3632172 2 4330
3632172 2 4330
3632172 1 4330
3632172 2 4330
3632172 54 4330
3632172 1 4330
3632172 4 4330
3632172 1 4330
3632172 1 4330
3632172 2 4330
3632172 2 4330
3632172 1 4330
3632172 1 4330
3632172 1 4330
3632172 2 4330
3632172 1 4330
3632172 1 4330
3632172 2 4330
3632172 1 4330
3632172 2 4330
3632172 1 4330
3632172 93 4330
3632172 36 4330
3632172 5 4330
3632172 1 4330
3632172 7 4330
3632172 1 4330
3632172 4 4330
3632172 157 4330
3632172 6 4330
3632172 11 4330
3632172 27 4330
3632172 27 4330
3632172 4 4330
3632172 2 4330
3632172 9 4330
3632172 10 4330
3632172 4 4330
3632172 37 4330
3632172 26 4330
3632172 32 4330
3632172 2 4330
3632172 100 4330
3632172 6 4330
3632172 7 4330
3632172 8 4330
