3356124 12 5773
3356124 2 5773
3356124 1 5773
3356124 1 5773
3356124 21 5773
3356124 10 5773
3356124 2 5773
3356124 1 5773
3356124 1 5773
3356124 1 5773
3356124 2 5773
3356124 2 5773
3356124 1 5773
3356124 1 5773
3356124 2 5773
3356124 1 5773
3356124 1 5773
3356124 1 5773
3356124 1 5773
3356124 1 5773
3356124 2 5773
3356124 1 5773
3356124 1 5773
3356124 2 5773
3356124 4 5773
3356124 2 5773
3356124 2 5773
3356124 1 5773
3356124 1 5773
3356124 3 5773
3356124 6 5773
3356124 3 5773
3356124 10 5773
3356124 1 5773
3356124 1 5773
3356124 6 5773
3356124 3 5773
3356124 2 5773
3356124 2 5773
3356124 5 5773
3356124 8 5773
3356124 4 5773
3356124 4 5773
3356124 5 5773
3356124 1 5773
3356124 1 5773
3356124 1 5773
3356124 6 5773
3356124 1 5773
3356124 1 5773
3356124 5 5773
3356124 20 5773
3356124 1 5773
3356124 1 5773
3356124 1 5773
3356124 1 5773
3356124 1 5773
3356124 1 5773
3356124 1 5773
3356124 1 5773
3356124 1 5773
3356124 10 5773
3356124 2 5773
3356124 1 5773
3356124 1 5773
3356124 1 5773
3356124 1 5773
3356124 8 5773
3356124 5 5773
3356124 1 5773
3356124 1 5773
3356124 16 5773
3356124 1 5773
3356124 1 5773
3356124 3 5773
3356124 3 5773
3356124 1 5773
3356124 1 5773
3356124 1 5773
3356124 8 5773
3356124 1 5773
3356124 7 5773
3356124 1 5773
3356124 1 5773
3356124 1 5773
3356124 1 5773
3356124 1 5773
3356124 2 5773
3356124 5 5773
3356124 4 5773
3356124 1 5773
3356124 1 5773
3356124 1 5773
3356124 1 5773
3356124 1 5773
3356124 1 5773
3356124 1 5773
3356124 3 5773
3356124 3 5773
3356124 2 5773
3356124 1 5773
3356124 2 5773
3356124 2 5773
3356124 1 5773
3356124 1 5773
3356124 1 5773
3356124 3 5773
3356124 1 5773
3356124 1 5773
3356124 1 5773
3356124 1 5773
3356124 1 5773
3356124 1 5773
3356124 2 5773
3356124 1 5773
3356124 2 5773
3356124 1 5773
3356124 1 5773
3356124 1 5773
3356124 2 5773
3356124 1 5773
3356124 8 5773
3356124 1 5773
3356124 1 5773
3356124 1 5773
3356124 2 5773
3356124 34 5773
3356124 1 5773
3356124 1 5773
3356124 1 5773
3356124 1 5773
3356124 1 5773
3356124 1 5773
3356124 1 5773
3356124 1 5773
3356124 19 5773
3356124 3 5773
3356124 1 5773
3356124 1 5773
3356124 1 5773
3356124 1 5773
3356124 2 5773
3356124 4 5773
3356124 3 5773
3356124 1 5773
3356124 1 5773
3356124 4 5773
3356124 1 5773
3356124 2 5773
3356124 2 5773
3356124 1 5773
3356124 2 5773
3356124 1 5773
3356124 2 5773
3356124 10 5773
3356124 2 5773
3356124 1 5773
3356124 3 5773
3356124 4 5773
3356124 2 5773
3356124 1 5773
3356124 1 5773
3356124 2 5773
3356124 1 5773
3356124 1 5773
3356124 1 5773
3356124 3 5773
3356124 1 5773
3356124 1 5773
3356124 1 5773
3356124 1 5773
3356124 1 5773
3356124 5 5773
3356124 3 5773
3356124 1 5773
3356124 17 5773
3356124 1 5773
3356124 1 5773
3356124 1 5773
3356124 1 5773
3356124 1 5773
3356124 1 5773
3356124 1 5773
3356124 1 5773
3356124 1 5773
3356124 1 5773
3356124 1 5773
3356124 1 5773
3356124 5 5773
3356124 1 5773
3461630 1 5662
3356124 1 5773
3356124 1 5773
3356124 1 5773
3356124 1 5773
3356124 2 5773
3356124 1 5773
3356124 1 5773
3356124 1 5773
3356124 1 5773
3356124 1 5773
3356124 1 5773
3356124 1 5773
3356124 1 5773
3356124 1 5773
3356124 1 5773
3356124 4 5773
3356124 1 5773
3356124 2 5773
3356124 2 5773
3356124 1 5773
3356124 1 5773
3356124 1 5773
3356124 1 5773
3356124 1 5773
3356124 1 5773
3356124 2 5773
3356124 1 5773
3356124 1 5773
3356124 1 5773
3356124 3 5773
3356124 1 5773
3356124 7 5773
3356124 1 5773
3356124 1 5773
3356124 1 5773
3356124 18 5773
3356124 15 5773
3356124 1 5773
3356124 1 5773
3356124 2 5773
3356124 1 5773
3356124 1 5773
3356124 1 5773
3356124 1 5773
3356124 5 5773
3356124 1 5773
3356124 16 5773
3356124 1 5773
3356124 3 5773
3356124 1 5773
3356124 5 5773
3356124 2 5773
3356124 1 5773
3356124 1 5773
3356124 1 5773
3356124 1 5773
3356124 3 5773
3356124 7 5773
3356124 2 5773
3356124 2 5773
3356124 1 5773
3356124 5 5773
3356124 1 5773
3356124 1 5773
3356124 1 5773
3356124 1 5773
3356124 1 5773
3356124 1 5773
3356124 1 5773
3356124 1 5773
3356124 1 5773
3356124 1 5773
3356124 1 5773
3356124 2 5773
3356124 1 5773
3356124 1 5773
3356124 3 5773
3356124 2 5773
3356124 2 5773
3356124 1 5773
3356124 3 5773
3356124 1 5773
3356124 1 5773
3356124 1 5773
3356124 2 5773
3356124 2 5773
3356124 1 5773
3356124 1 5773
3356124 2 5773
3356124 2 5773
3356124 1 5773
3356124 1 5773
3356124 1 5773
3356124 3 5773
3356124 5 5773
3356124 18 5773
3356124 14 5773
3356124 1 5773
3356124 10 5773
3356124 1 5773
3356124 2 5773
3356124 1 5773
3356124 1 5773
3356124 1 5773
3356124 1 5773
3356124 1 5773
3356124 4 5773
3356124 2 5773
3356124 1 5773
3356124 1 5773
3356124 1 5773
3356124 4 5773
3356124 2 5773
3356124 1 5773
3356124 4 5773
3356124 1 5773
3356124 3 5773
3356124 1 5773
3356124 1 5773
3356124 2 5773
3356124 2 5773
3356124 2 5773
3356124 1 5773
3356124 1 5773
3356124 1 5773
3356124 1 5773
3356124 1 5773
3356124 1 5773
3356124 1 5773
3356124 1 5773
3356124 1 5773
3356124 1 5773
3356124 5 5773
3356124 3 5773
3356124 1 5773
3356124 1 5773
3356124 3 5773
3356124 1 5773
3356124 1 5773
3356124 3 5773
3356124 2 5773
3356124 1 5773
3356124 1 5773
3356124 2 5773
3356124 1 5773
3356124 1 5773
3356124 1 5773
3356124 2 5773
3356124 3 5773
3356124 1 5773
3356124 1 5773
3356124 1 5773
3356124 4 5773
3356124 2 5773
3356124 1 5773
3356124 1 5773
3356124 2 5773
3356124 1 5773
3356124 2 5773
3356124 1 5773
3356124 1 5773
3356124 1 5773
3356124 3 5773
3356124 1 5773
3356124 1 5773
3356124 1 5773
3356124 1 5773
3356124 1 5773
3356124 1 5773
3356124 1 5773
3356124 3 5773
3356124 1 5773
3356124 1 5773
3356124 1 5773
3356124 3 5773
3356124 1 5773
3356124 1 5773
3356124 1 5773
3356124 1 5773
3356124 4 5773
3356124 2 5773
3356124 8 5773
3356124 1 5773
3356124 2 5773
3356124 2 5773
3356124 5 5773
3356124 1 5773
3356124 3 5773
3356124 5 5773
3356124 1 5773
3356124 1 5773
3356124 2 5773
3356124 1 5773
3356124 1 5773
3356124 1 5773
3356124 3 5773
3356124 5 5773
3356124 1 5773
3356124 1 5773
3356124 1 5773
3356124 1 5773
3356124 1 5773
3356124 1 5773
3356124 3 5773
3356124 2 5773
3356124 1 5773
3356124 1 5773
3356124 1 5773
3356124 1 5773
3356124 2 5773
3356124 1 5773
3356124 1 5773
3356124 1 5773
3356124 1 5773
3356124 1 5773
3356124 1 5773
3356124 1 5773
3356124 6 5773
3356124 1 5773
3356124 5 5773
3356124 1 5773
3356124 4 5773
3356124 1 5773
3356124 2 5773
3356124 2 5773
3356124 2 5773
3356124 1 5773
3356124 2 5773
3356124 2 5773
3356124 5 5773
3356124 1 5773
3356124 2 5773
3356124 2 5773
3356124 1 5773
3356124 2 5773
3356124 1 5773
3356124 1 5773
3356124 1 5773
3356124 1 5773
3356124 1 5773
3356124 5 5773
3356124 1 5773
3356124 2 5773
3356124 1 5773
3356124 1 5773
3356124 1 5773
3356124 2 5773
3356124 3 5773
3356124 5 5773
3356124 1 5773
3356124 1 5773
3356124 1 5773
3356124 1 5773
3356124 5 5773
3356124 5 5773
3356124 1 5773
3356124 5 5773
3356124 1 5773
3356124 1 5773
3356124 1 5773
3356124 1 5773
3356124 1 5773
3356124 4 5773
3356124 1 5773
3356124 1 5773
3356124 1 5773
3356124 3 5773
3356124 1 5773
3356124 1 5773
3356124 1 5773
3356124 1 5773
3356124 1 5773
3356124 5 5773
3356124 13 5773
3356124 4 5773
3356124 1 5773
3356124 7 5773
3356124 2 5773
3356124 1 5773
3356124 2 5773
3356124 1 5773
3356124 1 5773
3356124 2 5773
3356124 1 5773
3356124 2 5773
3356124 1 5773
3356124 1 5773
3356124 2 5773
3356124 4 5773
3356124 1 5773
3356124 1 5773
3356124 3 5773
3356124 4 5773
3356124 1 5773
3356124 1 5773
3356124 1 5773
3356124 1 5773
3356124 2 5773
3356124 2 5773
3356124 2 5773
3356124 2 5773
3356124 3 5773
3356124 3 5773
3356124 1 5773
3356124 1 5773
3356124 1 5773
3356124 1 5773
3356124 3 5773
3356124 1 5773
3356124 1 5773
3356124 1 5773
3356124 1 5773
3356124 1 5773
3356124 3 5773
3356124 1 5773
3356124 2 5773
3356124 1 5773
3356124 2 5773
3356124 1 5773
3356124 1 5773
3356124 2 5773
3356124 1 5773
3356124 1 5773
3356124 2 5773
3356124 1 5773
3356124 1 5773
3356124 9 5773
3356124 2 5773
3356124 2 5773
3356124 19 5773
3356124 2 5773
3356124 2 5773
3356124 1 5773
3356124 5 5773
3356124 1 5773
3356124 1 5773
3356124 13 5773
3356124 1 5773
3356124 1 5773
3356124 1 5773
3356124 1 5773
3356124 2 5773
3356124 1 5773
3356124 2 5773
3356124 1 5773
3356124 1 5773
3356124 4 5773
3356124 1 5773
3356124 5 5773
3356124 1 5773
3356124 2 5773
3356124 1 5773
3356124 1 5773
3356124 1 5773
3356124 1 5773
3356124 11 5773
3356124 6 5773
3356124 4 5773
3356124 1 5773
3356124 3 5773
3356124 2 5773
3356124 1 5773
3356124 5 5773
3356124 7 5773
3356124 1 5773
3356124 1 5773
3356124 2 5773
3356124 5 5773
3356124 2 5773
3356124 10 5773
3356124 1 5773
3356124 1 5773
3356124 1 5773
3356124 1 5773
3356124 3 5773
3356124 1 5773
3356124 1 5773
3356124 1 5773
3356124 1 5773
3356124 1 5773
3356124 1 5773
3356124 1 5773
3356124 1 5773
3356124 4 5773
3356124 7 5773
3356124 1 5773
3356124 1 5773
3356124 1 5773
3356124 1 5773
3356124 2 5773
3356124 1 5773
3356124 2 5773
3356124 1 5773
3356124 1 5773
3356124 2 5773
3356124 3 5773
3356124 1 5773
3356124 6 5773
3356124 1 5773
3356124 1 5773
3356124 1 5773
3356124 1 5773
3356124 1 5773
3356124 1 5773
3356124 1 5773
3356124 7 5773
3356124 2 5773
3356124 1 5773
3356124 1 5773
3356124 2 5773
3356124 2 5773
3356124 1 5773
3356124 1 5773
3356124 1 5773
3356124 1 5773
3356124 1 5773
3356124 1 5773
3356124 4 5773
3356124 1 5773
3356124 1 5773
3356124 19 5773
3356124 2 5773
3356124 1 5773
3356124 4 5773
3356124 1 5773
3356124 3 5773
3356124 1 5773
3356124 2 5773
3356124 2 5773
3356124 3 5773
3356124 1 5773
3356124 2 5773
3356124 1 5773
3356124 1 5773
3356124 39 5773
3356124 1 5773
3356124 2 5773
3356124 2 5773
3356124 3 5773
3356124 1 5773
3356124 1 5773
3356124 1 5773
3356124 2 5773
3356124 1 5773
3356124 2 5773
3356124 1 5773
3356124 1 5773
3356124 1 5773
3356124 1 5773
3356124 3 5773
3356124 1 5773
3356124 1 5773
3356124 1 5773
3356124 1 5773
3356124 5 5773
3356124 1 5773
3356124 3 5773
3356124 4 5773
3356124 1 5773
3356124 3 5773
3356124 1 5773
3356124 1 5773
3356124 2 5773
3356124 1 5773
3356124 1 5773
3356124 2 5773
3356124 1 5773
3356124 1 5773
3356124 1 5773
3356124 1 5773
3356124 1 5773
3356124 17 5773
3356124 2 5773
3356124 1 5773
3356124 1 5773
3356124 1 5773
3356124 1 5773
3356124 1 5773
3356124 3 5773
3356124 1 5773
3356124 1 5773
3356124 1 5773
3356124 3 5773
3356124 1 5773
3356124 1 5773
3356124 1 5773
3356124 1 5773
3356124 1 5773
3356124 1 5773
3356124 2 5773
3356124 1 5773
3356124 1 5773
3356124 1 5773
3356124 3 5773
3356124 2 5773
3356124 2 5773
3356124 1 5773
3356124 3 5773
3356124 1 5773
3356124 2 5773
3356124 1 5773
3356124 1 5773
3356124 1 5773
3356124 2 5773
3356124 1 5773
3356124 5 5773
3356124 3 5773
3356124 4 5773
3356124 1 5773
3356124 1 5773
3356124 1 5773
3356124 1 5773
3356124 2 5773
3356124 1 5773
3356124 1 5773
3356124 1 5773
3356124 1 5773
3356124 2 5773
3356124 1 5773
3356124 2 5773
3356124 1 5773
3356124 1 5773
3356124 1 5773
3356124 3 5773
3356124 2 5773
3356124 1 5773
3356124 1 5773
3356124 1 5773
3356124 2 5773
3356124 1 5773
3356124 1 5773
3356124 2 5773
3356124 1 5773
3356124 1 5773
3356124 1 5773
3356124 2 5773
3356124 3 5773
3356124 1 5773
3356124 3 5773
3356124 1 5773
3356124 1 5773
3356124 5 5773
3356124 1 5773
3356124 6 5773
3356124 10 5773
3356124 1 5773
3356124 2 5773
3356124 1 5773
3356124 2 5773
3356124 1 5773
3356124 1 5773
3356124 2 5773
3356124 2 5773
3356124 1 5773
3356124 1 5773
3356124 4 5773
3356124 1 5773
3356124 2 5773
3356124 3 5773
3356124 3 5773
3356124 1 5773
3356124 1 5773
3356124 1 5773
3356124 1 5773
3356124 4 5773
3356124 5 5773
3356124 1 5773
3356124 5 5773
3356124 1 5773
3356124 7 5773
3356124 1 5773
3356124 2 5773
3356124 4 5773
3356124 1 5773
3356124 1 5773
3356124 2 5773
3356124 1 5773
3356124 1 5773
3356124 5 5773
3356124 1 5773
3356124 1 5773
3356124 2 5773
3356124 4 5773
3356124 2 5773
3356124 2 5773
3356124 2 5773
3356124 1 5773
3356124 1 5773
3356124 5 5773
3356124 4 5773
3356124 4 5773
3356124 1 5773
3356124 2 5773
3356124 2 5773
3356124 1 5773
3356124 1 5773
3356124 2 5773
3356124 1 5773
3356124 3 5773
3356124 1 5773
3356124 3 5773
3356124 2 5773
3356124 1 5773
3356124 1 5773
3356124 2 5773
3356124 1 5773
3356124 1 5773
3356124 2 5773
3356124 2 5773
3356124 3 5773
3356124 10 5773
3356124 1 5773
3356124 1 5773
3356124 1 5773
3356124 2 5773
3356124 6 5773
3356124 1 5773
3356124 1 5773
3356124 1 5773
3356124 1 5773
3356124 1 5773
3356124 1 5773
3356124 1 5773
3356124 1 5773
3356124 1 5773
3356124 1 5773
3356124 2 5773
3356124 1 5773
3356124 5 5773
3356124 5 5773
3356124 1 5773
3356124 1 5773
3356124 1 5773
3356124 12 5773
3356124 1 5773
3356124 1 5773
3356124 10 5773
3356124 5 5773
3356124 2 5773
3356124 1 5773
3356124 1 5773
3356124 5 5773
3356124 1 5773
3356124 1 5773
3356124 1 5773
3356124 3 5773
3356124 2 5773
3356124 1 5773
3356124 11 5773
3356124 1 5773
3356124 1 5773
3356124 16 5773
3356124 1 5773
3356124 6 5773
3356124 1 5773
3356124 6 5773
3356124 6 5773
3356124 1 5773
3356124 1 5773
3356124 1 5773
3356124 1 5773
3356124 1 5773
3356124 1 5773
3356124 3 5773
3356124 1 5773
3356124 2 5773
3356124 1 5773
3356124 1 5773
3356124 3 5773
3356124 2 5773
3356124 1 5773
3356124 1 5773
3356124 1 5773
3356124 3 5773
3356124 3 5773
3356124 1 5773
3356124 1 5773
3356124 1 5773
3356124 1 5773
3356124 1 5773
3356124 6 5773
3356124 4 5773
3356124 1 5773
3356124 1 5773
3356124 1 5773
3356124 2 5773
3356124 21 5773
3356124 57 5773
3356124 31 5773
3356124 1 5773
3356124 2 5773
3356124 2 5773
3356124 1 5773
3356124 1 5773
3356124 5 5773
3356124 1 5773
